labels 0 1
0 0.727989 0.272011
1 0.255767 0.744233
1 0.468525 0.531475
0 0.663559 0.336441
0 0.798241 0.201759
0 0.569636 0.430364
0 0.707857 0.292143
0 0.633541 0.366459
1 0.314806 0.685194
1 0.288189 0.711811
0 0.550905 0.449095
1 0.354969 0.645031
0 0.558775 0.441225
0 0.914634 0.0853657
0 0.563772 0.436228
1 0.274995 0.725005
0 0.763607 0.236393
0 0.700069 0.299931
0 0.721773 0.278227
0 0.544535 0.455465
1 0.337772 0.662228
1 0.262919 0.737081
1 0.204962 0.795038
0 0.653957 0.346043
1 0.406647 0.593353
0 0.80317 0.19683
1 0.477621 0.522379
1 0.230151 0.769849
1 0.273235 0.726765
0 0.917776 0.0822242
1 0.419415 0.580585
0 0.924251 0.0757492
1 0.281005 0.718995
1 0.352813 0.647187
1 0.277537 0.722463
1 0.253638 0.746362
1 0.403181 0.596819
1 0.205937 0.794063
0 0.828676 0.171324
0 0.585727 0.414273
0 0.528915 0.471085
1 0.471302 0.528698
0 0.750422 0.249578
0 0.827819 0.172181
0 0.703928 0.296072
1 0.222148 0.777852
0 0.660071 0.339929
1 0.437237 0.562763
1 0.268986 0.731014
1 0.230888 0.769112
1 0.390972 0.609028
1 0.212123 0.787877
1 0.269364 0.730636
0 0.5 0.5
1 0.49264 0.50736
0 0.752649 0.247351
1 0.11198 0.88802
0 0.601226 0.398774
0 0.553043 0.446957
0 0.912976 0.0870241
1 0.233275 0.766725
0 0.800231 0.199769
0 0.642392 0.357608
0 0.826832 0.173168
0 0.699027 0.300973
0 0.67799 0.32201
0 0.828438 0.171562
0 0.714964 0.285036
1 0.492418 0.507582
1 0.23179 0.76821
1 0.317334 0.682666
1 0.447295 0.552705
0 0.604527 0.395473
0 0.957505 0.042495
1 0.174604 0.825396
1 0.490007 0.509993
1 0.180106 0.819894
1 0.358215 0.641785
1 0.491692 0.508308
0 0.519259 0.480741
1 0.353314 0.646686
1 0.249596 0.750404
1 0.226261 0.773739
1 0.266892 0.733108
0 0.682811 0.317189
0 0.685443 0.314557
1 0.11205 0.88795
0 0.658299 0.341701
1 0.369709 0.630291
0 0.703954 0.296046
1 0.245455 0.754545
1 0.374271 0.625729
0 0.859169 0.140831
1 0.375857 0.624143
1 0.289776 0.710224
1 0.142515 0.857485
0 0.697119 0.302881
1 0.371543 0.628457
1 0.153347 0.846653
0 0.657828 0.342172
1 0.365048 0.634952
0 0.592982 0.407018
1 0.312224 0.687776
0 0.598976 0.401024
0 0.604357 0.395643
0 0.560434 0.439566
0 0.658059 0.341941
0 0.575163 0.424837
0 0.755608 0.244392
0 0.601887 0.398113
1 0.365616 0.634384
0 0.539945 0.460055
0 0.843035 0.156965
0 0.830043 0.169957
1 0.365729 0.634271
0 0.754504 0.245496
0 0.5 0.5
0 0.612656 0.387344
0 0.714184 0.285816
1 0.466558 0.533442
0 0.57304 0.42696
1 0.0873082 0.912692
0 0.541506 0.458494
1 0.248124 0.751876
0 0.654052 0.345948
1 0.194613 0.805387
0 0.807651 0.192349
1 0.294936 0.705064
0 0.875343 0.124657
1 0.437987 0.562013
0 0.54955 0.45045
0 0.563308 0.436692
1 0.351327 0.648673
0 0.652445 0.347555
0 0.586329 0.413671
0 0.702115 0.297885
0 0.684983 0.315017
1 0.385553 0.614447
1 0.24765 0.75235
1 0.297066 0.702934
0 0.692239 0.307761
0 0.764936 0.235064
1 0.379291 0.620709
1 0.418956 0.581044
1 0.109633 0.890367
1 0.413996 0.586004
1 0.382946 0.617054
1 0.488938 0.511062
0 0.632779 0.367221
0 0.817824 0.182176
1 0.311924 0.688076
0 0.659886 0.340114
0 0.565829 0.434171
0 0.554045 0.445955
0 0.748281 0.251719
1 0.358967 0.641033
0 0.695935 0.304065
0 0.575482 0.424518
1 0.343537 0.656463
1 0.293361 0.706639
1 0.283419 0.716581
0 0.517646 0.482354
1 0.284798 0.715202
0 0.881422 0.118578
1 0.157265 0.842735
0 0.622139 0.377861
1 0.491879 0.508121
1 0.273325 0.726675
1 0.463529 0.536471
1 0.283114 0.716886
0 0.768725 0.231275
0 0.5 0.5
0 0.616683 0.383317
0 0.575982 0.424018
0 0.736988 0.263012
1 0.423983 0.576017
0 0.634336 0.365664
1 0.303942 0.696058
1 0.301433 0.698567
1 0.469698 0.530302
0 0.792465 0.207535
1 0.30605 0.69395
1 0.238431 0.761569
0 0.557135 0.442865
1 0.335971 0.664029
1 0.219589 0.780411
1 0.384511 0.615489
1 0.232553 0.767447
0 0.549127 0.450873
1 0.46341 0.53659
1 0.206387 0.793613
0 0.882567 0.117433
0 0.631155 0.368845
0 0.621644 0.378356
0 0.60821 0.39179
1 0.493129 0.506871
0 0.922175 0.0778252
0 0.587574 0.412426
0 0.600151 0.399849
1 0.244938 0.755062
0 0.821281 0.178719
0 0.896285 0.103715
1 0.374328 0.625672
1 0.206377 0.793623
0 0.860945 0.139055
0 0.638034 0.361966
1 0.309193 0.690807
1 0.254101 0.745899
1 0.290369 0.709631
1 0.350991 0.649009
1 0.439859 0.560141
1 0.217165 0.782835
0 0.799933 0.200067
1 0.419079 0.580921
0 0.553192 0.446808
1 0.0758077 0.924192
0 0.554074 0.445926
0 0.753724 0.246276
1 0.22444 0.77556
1 0.247108 0.752892
0 0.661751 0.338249
1 0.19105 0.80895
0 0.757776 0.242224
0 0.535661 0.464339
1 0.295945 0.704055
0 0.687102 0.312898
0 0.625836 0.374164
0 0.545908 0.454092
0 0.885472 0.114528
0 0.72329 0.27671
0 0.545948 0.454052
1 0.30575 0.69425
0 0.514222 0.485778
0 0.777521 0.222479
1 0.132388 0.867612
1 0.384804 0.615196
0 0.906361 0.0936391
1 0.345087 0.654913
0 0.844328 0.155672
0 0.718927 0.281073
0 0.730841 0.269159
1 0.48311 0.51689
1 0.201757 0.798243
1 0.408425 0.591575
1 0.373322 0.626678
1 0.173316 0.826684
0 0.825243 0.174757
1 0.130347 0.869653
0 0.708463 0.291537
1 0.381932 0.618068
1 0.344336 0.655664
1 0.207115 0.792885
1 0.255584 0.744416
1 0.433545 0.566455
1 0.391357 0.608643
1 0.381712 0.618288
0 0.561648 0.438352
0 0.516829 0.483171
1 0.272658 0.727342
1 0.293686 0.706314
0 0.572268 0.427732
1 0.211631 0.788369
0 0.79408 0.20592
0 0.86942 0.13058
0 0.635978 0.364022
0 0.728805 0.271195
1 0.396675 0.603325
0 0.623574 0.376426
0 0.556671 0.443329
0 0.590452 0.409548
1 0.206751 0.793249
1 0.354162 0.645838
1 0.221878 0.778122
1 0.274761 0.725239
1 0.306936 0.693064
0 0.937528 0.062472
1 0.221755 0.778245
1 0.332367 0.667633
0 0.669314 0.330686
1 0.461721 0.538279
1 0.354672 0.645328
1 0.326322 0.673678
0 0.574595 0.425405
1 0.284988 0.715012
0 0.650268 0.349732
1 0.364821 0.635179
1 0.321897 0.678103
1 0.289081 0.710919
0 0.603234 0.396766
0 0.739239 0.260761
0 0.555572 0.444428
0 0.923366 0.0766338
0 0.848166 0.151834
1 0.427175 0.572825
1 0.282463 0.717537
1 0.164511 0.835489
1 0.212423 0.787577
1 0.338534 0.661466
0 0.63858 0.36142
0 0.831097 0.168903
0 0.535514 0.464486
0 0.546453 0.453547
1 0.321264 0.678736
1 0.222443 0.777557
0 0.608803 0.391197
0 0.592847 0.407153
1 0.135097 0.864903
0 0.640616 0.359384
0 0.514306 0.485694
1 0.296258 0.703742
1 0.125952 0.874048
1 0.226207 0.773793
0 0.788314 0.211686
1 0.190996 0.809004
0 0.808215 0.191785
0 0.922572 0.0774278
1 0.211318 0.788682
0 0.523922 0.476078
0 0.907535 0.0924646
1 0.446928 0.553072
1 0.270348 0.729652
1 0.198394 0.801606
0 0.734379 0.265621
0 0.522024 0.477976
1 0.331865 0.668135
0 0.859772 0.140228
0 0.826869 0.173131
0 0.753966 0.246034
1 0.391858 0.608142
0 0.539903 0.460097
0 0.587379 0.412621
1 0.312344 0.687656
1 0.267304 0.732696
1 0.429523 0.570477
1 0.222752 0.777248
0 0.813412 0.186588
0 0.690151 0.309849
0 0.790551 0.209449
1 0.419273 0.580727
0 0.523499 0.476501
1 0.471124 0.528876
1 0.452137 0.547863
1 0.449365 0.550635
0 0.856588 0.143412
0 0.537058 0.462942
1 0.227944 0.772056
1 0.450382 0.549618
1 0.436273 0.563727
0 0.5 0.5
1 0.198315 0.801685
1 0.276719 0.723281
0 0.545087 0.454913
1 0.130533 0.869467
1 0.209881 0.790119
0 0.932395 0.0676048
0 0.783865 0.216135
1 0.334556 0.665444
0 0.741215 0.258785
1 0.342039 0.657961
0 0.8416 0.1584
0 0.545004 0.454996
0 0.884513 0.115487
0 0.5 0.5
0 0.682617 0.317383
0 0.557433 0.442567
0 0.652765 0.347235
1 0.305812 0.694188
1 0.35173 0.64827
0 0.679962 0.320038
0 0.515778 0.484222
1 0.31177 0.68823
0 0.531842 0.468158
1 0.443993 0.556007
1 0.207082 0.792918
0 0.53085 0.46915
1 0.187295 0.812705
1 0.0718936 0.928106
0 0.546517 0.453483
0 0.851217 0.148783
1 0.144315 0.855685
1 0.0834056 0.916594
1 0.306219 0.693781
1 0.126451 0.873549
1 0.212857 0.787143
1 0.4028 0.5972
1 0.131835 0.868165
1 0.31279 0.68721
0 0.595449 0.404551
1 0.116417 0.883583
1 0.353032 0.646968
1 0.293759 0.706241
1 0.173578 0.826422
1 0.348513 0.651487
1 0.151052 0.848948
1 0.166594 0.833406
0 0.607446 0.392554
1 0.160754 0.839246
1 0.46942 0.53058
1 0.255046 0.744954
1 0.110286 0.889714
1 0.0197309 0.980269
1 0.124302 0.875698
1 0.174705 0.825295
0 0.526486 0.473514
1 0.221369 0.778631
1 0.239806 0.760194
1 0.272306 0.727694
0 0.634684 0.365316
1 0.14977 0.85023
0 0.678625 0.321375
0 0.534205 0.465795
1 0.168405 0.831595
0 0.756374 0.243626
1 0.460368 0.539632
1 0.451807 0.548193
1 0.143846 0.856154
1 0.224429 0.775571
1 0.355191 0.644809
1 0.169828 0.830172
1 0.147031 0.852969
1 0.130476 0.869524
1 0.460851 0.539149
1 0.21895 0.78105
1 0.226895 0.773105
1 0.10487 0.89513
1 0.155514 0.844486
1 0.291973 0.708027
0 0.664279 0.335721
1 0.372194 0.627806
1 0.0653939 0.934606
1 0.0486953 0.951305
1 0.0893182 0.910682
1 0.189582 0.810418
1 0.114382 0.885618
1 0.184367 0.815633
1 0.0505088 0.949491
1 0.352385 0.647615
1 0.17717 0.82283
1 0.170211 0.829789
1 0.301902 0.698098
1 0.365886 0.634114
1 0.0984837 0.901516
1 0.415602 0.584398
1 0.071535 0.928465
1 0.141411 0.858589
0 0.594992 0.405008
1 0.0768809 0.923119
1 0.169535 0.830465
1 0.156803 0.843197
1 0.384286 0.615714
1 0.308863 0.691137
1 0.139427 0.860573
1 0.182198 0.817802
1 0.15091 0.84909
1 0.172781 0.827219
1 0.119782 0.880218
1 0.255474 0.744526
1 0.0701115 0.929889
1 0.17876 0.82124
1 0.202205 0.797795
1 0.262944 0.737056
1 0.294985 0.705015
1 0.422398 0.577602
1 0.11001 0.88999
1 0.387102 0.612898
1 0.299339 0.700661
1 0.473537 0.526463
1 0.105666 0.894334
0 0.528819 0.471181
1 0.0849028 0.915097
1 0.132359 0.867641
1 0.240693 0.759307
1 0.243645 0.756355
1 0.207939 0.792061
1 0.230028 0.769972
1 0.409536 0.590464
1 0.224195 0.775805
1 0.309691 0.690309
1 0.17524 0.82476
1 0.232909 0.767091
1 0.412606 0.587394
1 0.158128 0.841872
1 0.325955 0.674045
1 0.203983 0.796017
1 0.135457 0.864543
1 0.18988 0.81012
1 0.188708 0.811292
1 0.214932 0.785068
1 0.113991 0.886009
1 0.134924 0.865076
1 0.128482 0.871518
1 0.18891 0.81109
1 0.401892 0.598108
1 0.45673 0.54327
1 0.113632 0.886368
1 0.104323 0.895677
0 0.622194 0.377806
1 0.200554 0.799446
1 0.469123 0.530877
1 0.0969901 0.90301
1 0.274363 0.725637
1 0.20104 0.79896
0 0.763087 0.236913
1 0.174864 0.825136
1 0.430805 0.569195
1 0.340425 0.659575
1 0.0673621 0.932638
1 0.424429 0.575571
1 0.238349 0.761651
1 0.0195748 0.980425
1 0.168364 0.831636
1 0.379133 0.620867
0 0.552711 0.447289
1 0.0540269 0.945973
1 0.206833 0.793167
1 0.162877 0.837123
1 0.304686 0.695314
1 0.378951 0.621049
1 0.168063 0.831937
1 0.207539 0.792461
1 0.0496632 0.950337
1 0.224035 0.775965
1 0.411969 0.588031
0 0.700558 0.299442
0 0.791473 0.208527
1 0.392213 0.607787
1 0.133343 0.866657
1 0.29576 0.70424
1 0.455568 0.544432
0 0.703329 0.296671
1 0.171385 0.828615
0 0.707191 0.292809
1 0.265609 0.734391
1 0.134804 0.865196
1 0.166342 0.833658
1 0.189856 0.810144
1 0.275611 0.724389
1 0.134357 0.865643
1 0.0458295 0.95417
1 0.214699 0.785301
1 0.262279 0.737721
1 0.170323 0.829677
1 0.215023 0.784977
1 0.377122 0.622878
1 0.266816 0.733184
1 0.255357 0.744643
0 0.566179 0.433821
1 0.201666 0.798334
1 0.373617 0.626383
1 0.22475 0.77525
1 0.293199 0.706801
1 0.487347 0.512653
1 0.147149 0.852851
1 0.0995687 0.900431
1 0.213082 0.786918
1 0.238197 0.761803
1 0.198897 0.801103
1 0.129389 0.870611
0 0.585881 0.414119
1 0.0837314 0.916269
1 0.180246 0.819754
1 0.0740204 0.92598
1 0.381013 0.618987
1 0.0907923 0.909208
1 0.174366 0.825634
1 0.322923 0.677077
0 0.589042 0.410958
1 0.154283 0.845717
1 0.267553 0.732447
1 0.175156 0.824844
1 0.397755 0.602245
1 0.267711 0.732289
1 0.235586 0.764414
1 0.244014 0.755986
1 0.40319 0.59681
1 0.237499 0.762501
1 0.143833 0.856167
1 0.228294 0.771706
1 0.125775 0.874225
1 0.145543 0.854457
1 0.232142 0.767858
1 0.195469 0.804531
1 0.0903954 0.909605
0 0.5 0.5
1 0.191046 0.808954
1 0.380539 0.619461
1 0.228829 0.771171
1 0.117985 0.882015
1 0.218855 0.781145
1 0.0757523 0.924248
1 0.303254 0.696746
1 0.133174 0.866826
1 0.0839914 0.916009
1 0.0953806 0.904619
1 0.0137785 0.986222
1 0.308408 0.691592
1 0.360006 0.639994
1 0.11906 0.88094
1 0.315262 0.684738
1 0.157201 0.842799
1 0.0198026 0.980197
1 0.0854 0.9146
1 0.353176 0.646824
1 0.169177 0.830823
1 0.39809 0.60191
1 0.301769 0.698231
1 0.351204 0.648796
1 0.248631 0.751369
1 0.192131 0.807869
1 0.170229 0.829771
1 0.152595 0.847405
1 0.153125 0.846875
1 0.491482 0.508518
1 0.206129 0.793871
1 0.12564 0.87436
0 0.53745 0.46255
1 0.318242 0.681758
1 0.380607 0.619393
1 0.0753922 0.924608
1 0.357377 0.642623
1 0.214103 0.785897
1 0.0680664 0.931934
1 0.0802102 0.91979
1 0.253253 0.746747
0 0.599225 0.400775
1 0.300019 0.699981
1 0.227581 0.772419
0 0.554896 0.445104
1 0.272905 0.727095
1 0.215005 0.784995
1 0.0913259 0.908674
1 0.25284 0.74716
1 0.433323 0.566677
1 0.0220898 0.97791
1 0.349193 0.650807
1 0.158655 0.841345
1 0.292156 0.707844
0 0.564719 0.435281
1 0.269692 0.730308
1 0.103467 0.896533
1 0.202002 0.797998
1 0.413024 0.586976
1 0.258477 0.741523
0 0.550107 0.449893
1 0.223458 0.776542
1 0.323946 0.676054
1 0.190265 0.809735
1 0.235379 0.764621
1 0.111458 0.888542
0 0.544079 0.455921
1 0.328535 0.671465
1 0.207779 0.792221
1 0.146846 0.853154
1 0.137295 0.862705
1 0.394026 0.605974
1 0.0524719 0.947528
1 0.197211 0.802789
1 0.219196 0.780804
1 0.489431 0.510569
1 0.0980673 0.901933
1 0.120073 0.879927
0 0.561545 0.438455
1 0.156977 0.843023
1 0.364562 0.635438
1 0.140882 0.859118
1 0.445173 0.554827
1 0.0680818 0.931918
1 0.0964755 0.903524
1 0.478847 0.521153
1 0.059855 0.940145
1 0.297272 0.702728
1 0.0190379 0.980962
1 0.352027 0.647973
1 0.234204 0.765796
1 0.124483 0.875517
0 0.828803 0.171197
0 0.617295 0.382705
1 0.164461 0.835539
1 0.108961 0.891039
1 0.183155 0.816845
1 0.216239 0.783761
1 0.339182 0.660818
0 0.551716 0.448284
1 0.383934 0.616066
1 0.188664 0.811336
1 0.088355 0.911645
0 0.53636 0.46364
0 0.579884 0.420116
1 0.103564 0.896436
1 0.141595 0.858405
1 0.305651 0.694349
1 0.274992 0.725008
1 0.270399 0.729601
1 0.311648 0.688352
1 0.411415 0.588585
1 0.167736 0.832264
1 0.24461 0.75539
0 0.523998 0.476002
0 0.505391 0.494609
1 0.121388 0.878612
1 0.115392 0.884608
1 0.120637 0.879363
1 0.348446 0.651554
1 0.166243 0.833757
1 0.306556 0.693444
1 0.159317 0.840683
1 0.48187 0.51813
1 0.145701 0.854299
1 0.264116 0.735884
1 0.27359 0.72641
1 0.322676 0.677324
1 0.279856 0.720144
1 0.348881 0.651119
1 0.485846 0.514154
1 0.0897245 0.910275
1 0.14287 0.85713
1 0.166021 0.833979
0 0.508532 0.491468
1 0.129499 0.870501
1 0.364899 0.635101
1 0.30402 0.69598
1 0.111314 0.888686
1 0.285465 0.714535
1 0.123152 0.876848
1 0.167622 0.832378
1 0.051766 0.948234
1 0.262917 0.737083
1 0.184214 0.815786
1 0.247975 0.752025
1 0.11674 0.88326
1 0.280781 0.719219
1 0.211475 0.788525
1 0.117071 0.882929
1 0.341623 0.658377
1 0.200203 0.799797
1 0.0437536 0.956246
1 0.0499357 0.950064
1 0.278741 0.721259
1 0.226398 0.773602
1 0.175416 0.824584
1 0.411941 0.588059
1 0.372396 0.627604
1 0.291243 0.708757
1 0.158413 0.841587
1 0.171379 0.828621
1 0.157494 0.842506
1 0.219812 0.780188
1 0.278998 0.721002
1 0.24751 0.75249
1 0.443304 0.556696
