labels 0 1
0 0.821709 0.178291
1 0.235917 0.764083
1 0.451325 0.548675
0 0.770095 0.229905
0 0.90345 0.09655
0 0.570635 0.429365
0 0.852791 0.147209
0 0.691742 0.308258
1 0.325619 0.674381
1 0.377577 0.622423
0 0.551005 0.448995
1 0.468614 0.531386
0 0.543617 0.456383
0 0.931712 0.0682877
0 0.598522 0.401478
1 0.250114 0.749886
0 0.750335 0.249665
0 0.599573 0.400427
0 0.746899 0.253101
0 0.537133 0.462867
1 0.253995 0.746005
1 0.223493 0.776507
1 0.232759 0.767241
0 0.842377 0.157623
1 0.394128 0.605872
0 0.77807 0.22193
0 0.538871 0.461129
1 0.148219 0.851781
1 0.44021 0.55979
0 0.9608 0.0391997
1 0.368154 0.631846
0 0.915187 0.0848131
1 0.266207 0.733793
1 0.298237 0.701763
1 0.35432 0.64568
1 0.293593 0.706407
0 0.587615 0.412385
1 0.291042 0.708958
0 0.82969 0.17031
0 0.600768 0.399232
1 0.392291 0.607709
1 0.449025 0.550975
0 0.67701 0.32299
0 0.837013 0.162987
1 0.419106 0.580894
1 0.213148 0.786852
1 0.379458 0.620542
1 0.417954 0.582046
1 0.415383 0.584617
1 0.210179 0.789821
0 0.5 0.5
1 0.293243 0.706757
1 0.275444 0.724556
1 0.375122 0.624878
0 0.596661 0.403339
0 0.782195 0.217805
1 0.0654365 0.934564
0 0.632863 0.367137
0 0.721898 0.278102
0 0.93049 0.0695096
1 0.19116 0.80884
0 0.698799 0.301201
0 0.670104 0.329896
0 0.666302 0.333698
0 0.874381 0.125619
0 0.814884 0.185116
0 0.814905 0.185095
0 0.832856 0.167144
0 0.600354 0.399646
1 0.217129 0.782871
1 0.208399 0.791601
1 0.447747 0.552253
0 0.570385 0.429615
0 0.987039 0.0129614
1 0.207766 0.792234
0 0.554885 0.445115
1 0.298985 0.701015
1 0.3389 0.6611
0 0.506068 0.493932
0 0.697267 0.302733
1 0.315947 0.684053
1 0.266005 0.733995
1 0.20697 0.79303
1 0.241247 0.758753
0 0.602674 0.397326
0 0.825363 0.174637
1 0.116936 0.883064
0 0.629767 0.370233
1 0.333859 0.666141
0 0.668516 0.331484
1 0.205368 0.794632
1 0.324991 0.675009
0 0.854429 0.145571
1 0.336611 0.663389
1 0.238312 0.761688
1 0.109263 0.890737
0 0.616415 0.383585
1 0.396198 0.603802
1 0.107454 0.892546
0 0.605173 0.394827
1 0.355413 0.644587
0 0.621737 0.378263
1 0.284418 0.715582
1 0.441439 0.558561
0 0.78895 0.21105
0 0.848122 0.151878
0 0.648789 0.351211
1 0.454165 0.545835
0 0.843453 0.156547
0 0.656153 0.343847
1 0.333109 0.666891
0 0.623466 0.376534
0 0.896271 0.103729
0 0.715272 0.284728
1 0.329585 0.670415
0 0.656232 0.343768
0 0.583987 0.416013
0 0.621035 0.378965
0 0.655899 0.344101
0 0.506008 0.493992
0 0.749594 0.250406
1 0.049769 0.950231
0 0.584552 0.415448
1 0.336758 0.663242
0 0.717759 0.282241
1 0.131527 0.868473
0 0.837772 0.162228
1 0.25282 0.74718
0 0.789086 0.210914
1 0.488668 0.511332
0 0.555215 0.444785
0 0.62682 0.37318
1 0.401396 0.598604
0 0.754743 0.245257
0 0.575931 0.424069
0 0.686645 0.313355
0 0.636998 0.363002
1 0.280195 0.719805
1 0.303657 0.696343
1 0.299306 0.700694
0 0.861906 0.138094
0 0.863303 0.136697
1 0.404598 0.595402
1 0.411856 0.588144
1 0.0675035 0.932496
1 0.426303 0.573697
1 0.352616 0.647384
1 0.488084 0.511916
0 0.65333 0.34667
0 0.87988 0.12012
1 0.268905 0.731095
0 0.709515 0.290485
0 0.78352 0.21648
1 0.381788 0.618212
0 0.824477 0.175523
1 0.269411 0.730589
0 0.630055 0.369945
0 0.516745 0.483255
1 0.196291 0.803709
1 0.259043 0.740957
1 0.338672 0.661328
0 0.5 0.5
1 0.228754 0.771246
0 0.898597 0.101403
1 0.220733 0.779267
0 0.683036 0.316964
0 0.739058 0.260942
1 0.294209 0.705791
1 0.477655 0.522345
1 0.283998 0.716002
0 0.775641 0.224359
0 0.553312 0.446688
0 0.616763 0.383237
0 0.705552 0.294448
0 0.678753 0.321247
1 0.293023 0.706977
1 0.481581 0.518419
1 0.306722 0.693278
1 0.291952 0.708048
1 0.432181 0.567819
0 0.818116 0.181884
1 0.262322 0.737678
1 0.425667 0.574333
1 0.466853 0.533147
1 0.337074 0.662926
1 0.185804 0.814196
1 0.27401 0.72599
1 0.180044 0.819956
0 0.524855 0.475145
0 0.514117 0.485883
1 0.151133 0.848867
0 0.939565 0.0604348
0 0.676452 0.323548
0 0.777345 0.222655
1 0.32616 0.67384
0 0.524638 0.475362
0 0.939982 0.0600176
0 0.666133 0.333867
0 0.546873 0.453127
1 0.243811 0.756189
0 0.928649 0.0713507
0 0.938509 0.0614911
1 0.482584 0.517416
1 0.207998 0.792002
0 0.830571 0.169429
0 0.652123 0.347877
1 0.328755 0.671245
1 0.243026 0.756974
1 0.464616 0.535384
1 0.387164 0.612836
1 0.474818 0.525182
1 0.239283 0.760717
0 0.863257 0.136743
1 0.326257 0.673743
1 0.483317 0.516683
1 0.125495 0.874505
1 0.490374 0.509626
0 0.845189 0.154811
1 0.240781 0.759219
1 0.167038 0.832962
0 0.691452 0.308548
1 0.187595 0.812405
0 0.828054 0.171946
0 0.532095 0.467905
1 0.317352 0.682648
0 0.840126 0.159874
0 0.70782 0.29218
0 0.606532 0.393468
0 0.877217 0.122783
0 0.830148 0.169852
1 0.426154 0.573846
1 0.250133 0.749867
1 0.354659 0.645341
0 0.73572 0.26428
1 0.0833756 0.916624
1 0.253608 0.746392
0 0.983236 0.0167638
1 0.391381 0.608619
0 0.94768 0.0523196
0 0.808692 0.191308
0 0.832855 0.167145
1 0.3387 0.6613
1 0.251565 0.748435
0 0.556647 0.443353
0 0.569015 0.430985
1 0.196337 0.803663
0 0.83411 0.16589
1 0.164835 0.835165
0 0.812067 0.187933
1 0.423304 0.576696
1 0.248701 0.751299
1 0.11762 0.88238
1 0.291345 0.708655
1 0.438589 0.561411
1 0.343761 0.656239
1 0.39385 0.60615
0 0.665357 0.334643
0 0.618357 0.381643
1 0.260644 0.739356
1 0.270801 0.729199
0 0.687923 0.312077
1 0.116708 0.883292
0 0.787211 0.212789
0 0.907835 0.0921647
0 0.732353 0.267647
0 0.717251 0.282749
1 0.342926 0.657074
1 0.420796 0.579204
0 0.584251 0.415749
1 0.492228 0.507772
1 0.172411 0.827589
1 0.389809 0.610191
1 0.252465 0.747535
1 0.286873 0.713127
1 0.375573 0.624427
0 0.922859 0.0771408
1 0.290826 0.709174
1 0.452319 0.547681
0 0.721166 0.278834
0 0.609904 0.390096
1 0.428263 0.571737
1 0.358482 0.641518
0 0.5 0.5
1 0.245905 0.754095
0 0.641953 0.358047
1 0.338548 0.661452
1 0.313504 0.686496
1 0.431587 0.568413
0 0.87701 0.12299
0 0.590804 0.409196
0 0.595805 0.404195
0 0.964447 0.035553
0 0.94586 0.0541397
1 0.280486 0.719514
1 0.18732 0.81268
1 0.204303 0.795697
1 0.160025 0.839975
1 0.40846 0.59154
0 0.794533 0.205467
0 0.847408 0.152592
0 0.519414 0.480586
0 0.523272 0.476728
1 0.482163 0.517837
0 0.521024 0.478976
1 0.478239 0.521761
0 0.686155 0.313845
1 0.165151 0.834849
0 0.781468 0.218532
0 0.53163 0.46837
1 0.294321 0.705679
1 0.0989972 0.901003
1 0.256165 0.743835
0 0.860459 0.139541
1 0.268279 0.731721
0 0.862557 0.137443
0 0.930398 0.0696017
1 0.304784 0.695216
0 0.537246 0.462754
0 0.953218 0.0467815
1 0.419659 0.580341
1 0.24041 0.75959
1 0.152286 0.847714
0 0.640848 0.359152
0 0.560495 0.439505
1 0.43207 0.56793
0 0.947867 0.0521327
0 0.774589 0.225411
0 0.773304 0.226696
0 0.535434 0.464566
0 0.787203 0.212797
0 0.639407 0.360593
1 0.330583 0.669417
1 0.425477 0.574523
0 0.517866 0.482134
1 0.177507 0.822493
0 0.884416 0.115584
0 0.721343 0.278657
0 0.84588 0.15412
1 0.388569 0.611431
1 0.488508 0.511492
1 0.488721 0.511279
0 0.551728 0.448272
1 0.49227 0.50773
0 0.869086 0.130914
0 0.668927 0.331073
1 0.344448 0.655552
1 0.40851 0.59149
1 0.399337 0.600663
1 0.426057 0.573943
1 0.21514 0.78486
1 0.321707 0.678293
0 0.567169 0.432831
1 0.176557 0.823443
1 0.217866 0.782134
0 0.925548 0.0744522
0 0.693311 0.306689
0 0.529017 0.470983
0 0.86075 0.13925
0 0.524315 0.475685
0 0.871854 0.128146
0 0.78799 0.21201
0 0.942945 0.0570554
1 0.486141 0.513859
0 0.723004 0.276996
1 0.453633 0.546367
0 0.696707 0.303293
1 0.276644 0.723356
1 0.350174 0.649826
0 0.612168 0.387832
0 0.596226 0.403774
1 0.349791 0.650209
0 0.563391 0.436609
1 0.32147 0.67853
1 0.241998 0.758002
0 0.689655 0.310345
1 0.171518 0.828482
1 0.0661169 0.933883
0 0.631656 0.368344
0 0.901321 0.0986793
1 0.131966 0.868034
1 0.268817 0.731183
1 0.307649 0.692351
1 0.150739 0.849261
1 0.155825 0.844175
1 0.346789 0.653211
1 0.0799641 0.920036
1 0.457737 0.542263
0 0.691624 0.308376
1 0.123818 0.876182
1 0.267234 0.732766
1 0.173034 0.826966
1 0.284534 0.715466
1 0.32158 0.67842
1 0.108294 0.891706
1 0.168958 0.831042
0 0.641821 0.358179
1 0.167919 0.832081
1 0.324313 0.675687
1 0.288448 0.711552
1 0.194891 0.805109
1 0.0391898 0.96081
1 0.0896623 0.910338
1 0.14304 0.85696
0 0.623939 0.376061
1 0.182552 0.817448
1 0.245033 0.754967
1 0.286523 0.713477
0 0.722242 0.277758
1 0.119975 0.880025
0 0.634529 0.365471
0 0.738171 0.261829
1 0.132244 0.867756
0 0.694664 0.305336
0 0.679718 0.320282
0 0.523654 0.476346
1 0.140105 0.859895
1 0.238678 0.761322
1 0.271871 0.728129
1 0.126841 0.873159
1 0.17913 0.82087
1 0.109034 0.890966
1 0.426952 0.573048
1 0.208432 0.791568
1 0.249488 0.750512
1 0.141481 0.858519
1 0.24173 0.75827
1 0.22661 0.77339
0 0.633045 0.366955
1 0.316254 0.683746
1 0.0578946 0.942105
1 0.110009 0.889991
1 0.115118 0.884882
1 0.174785 0.825215
1 0.0651582 0.934842
1 0.210298 0.789702
1 0.0454858 0.954514
1 0.283147 0.716853
1 0.15215 0.84785
1 0.164465 0.835535
1 0.269605 0.730395
1 0.222037 0.777963
1 0.119959 0.880041
1 0.468113 0.531887
1 0.0269492 0.973051
1 0.147841 0.852159
0 0.773288 0.226712
1 0.0959904 0.90401
1 0.143103 0.856897
1 0.174935 0.825065
1 0.371455 0.628545
1 0.212631 0.787369
1 0.100444 0.899556
1 0.163355 0.836645
1 0.098115 0.901885
1 0.201936 0.798064
1 0.0541999 0.9458
1 0.33476 0.66524
1 0.0538228 0.946177
1 0.123848 0.876152
1 0.217638 0.782362
1 0.22877 0.77123
1 0.261279 0.738721
1 0.434939 0.565061
1 0.0912801 0.90872
1 0.332072 0.667928
1 0.48332 0.51668
0 0.533364 0.466636
1 0.107441 0.892559
1 0.316573 0.683427
1 0.0654758 0.934524
1 0.0922064 0.907794
1 0.23997 0.76003
1 0.254154 0.745846
1 0.173978 0.826022
1 0.221957 0.778043
1 0.472789 0.527211
1 0.137484 0.862516
1 0.275437 0.724563
1 0.178338 0.821662
1 0.21755 0.78245
1 0.254103 0.745897
1 0.131262 0.868738
0 0.513239 0.486761
1 0.16211 0.83789
1 0.195699 0.804301
1 0.189323 0.810677
1 0.156034 0.843966
1 0.254627 0.745373
1 0.0816056 0.918394
1 0.148189 0.851811
1 0.218229 0.781771
1 0.106271 0.893729
1 0.390363 0.609637
1 0.433278 0.566722
1 0.0826289 0.917371
1 0.0734507 0.926549
0 0.590647 0.409353
1 0.185283 0.814717
1 0.45717 0.54283
1 0.114607 0.885393
1 0.301388 0.698612
1 0.182862 0.817138
0 0.801526 0.198474
1 0.138488 0.861512
1 0.429581 0.570419
1 0.237897 0.762103
1 0.0516307 0.948369
0 0.71889 0.28111
1 0.265874 0.734126
1 0.0204472 0.979553
1 0.110876 0.889124
1 0.402243 0.597757
0 0.531526 0.468474
1 0.0520017 0.947998
1 0.171079 0.828921
1 0.105124 0.894876
1 0.362151 0.637849
1 0.349079 0.650921
1 0.184945 0.815055
1 0.169806 0.830194
1 0.0270324 0.972968
1 0.232319 0.767681
0 0.5 0.5
0 0.65156 0.34844
0 0.781828 0.218172
1 0.278692 0.721308
1 0.0617777 0.938222
1 0.304265 0.695735
1 0.366017 0.633983
0 0.774457 0.225543
1 0.181668 0.818332
0 0.813788 0.186212
1 0.238222 0.761778
1 0.10014 0.89986
1 0.127213 0.872787
1 0.198307 0.801693
1 0.251251 0.748749
1 0.130327 0.869673
1 0.0346351 0.965365
1 0.201164 0.798836
1 0.128934 0.871066
1 0.344218 0.655782
1 0.186938 0.813062
1 0.374407 0.625593
1 0.294082 0.705918
1 0.357799 0.642201
1 0.367699 0.632301
1 0.277635 0.722365
1 0.446674 0.553326
1 0.18749 0.81251
0 0.545827 0.454173
0 0.759352 0.240648
1 0.163865 0.836135
1 0.0877679 0.912232
1 0.181407 0.818593
1 0.2403 0.7597
1 0.237852 0.762148
1 0.133102 0.866898
0 0.508086 0.491914
1 0.107781 0.892219
1 0.149863 0.850137
1 0.0428774 0.957123
1 0.349191 0.650809
1 0.212293 0.787707
1 0.144401 0.855599
1 0.218126 0.781874
0 0.506005 0.493995
1 0.135 0.865
1 0.313119 0.686881
1 0.131828 0.868172
1 0.312486 0.687514
1 0.317861 0.682139
1 0.196216 0.803784
1 0.177656 0.822344
1 0.190371 0.809629
1 0.259227 0.740773
1 0.113239 0.886761
1 0.304539 0.695461
1 0.0647097 0.93529
1 0.121662 0.878338
1 0.293185 0.706815
1 0.190556 0.809444
1 0.0379909 0.962009
1 0.318525 0.681475
1 0.252721 0.747279
1 0.381815 0.618185
1 0.178246 0.821754
1 0.14946 0.85054
1 0.280498 0.719502
1 0.0757184 0.924282
1 0.294287 0.705713
1 0.112697 0.887303
1 0.0855081 0.914492
1 0.165728 0.834272
1 0.00964054 0.990359
1 0.233561 0.766439
1 0.274507 0.725493
1 0.118889 0.881111
1 0.160997 0.839003
1 0.115276 0.884724
1 0.0111805 0.98882
1 0.124569 0.875431
1 0.334335 0.665665
1 0.136683 0.863317
1 0.47948 0.52052
1 0.324709 0.675291
1 0.419621 0.580379
1 0.132912 0.867088
1 0.112853 0.887147
1 0.151545 0.848455
1 0.0923167 0.907683
1 0.21521 0.78479
1 0.441527 0.558473
1 0.252022 0.747978
1 0.115529 0.884471
0 0.535281 0.464719
1 0.243789 0.756211
0 0.555201 0.444799
1 0.0691184 0.930882
1 0.29688 0.70312
1 0.182506 0.817494
1 0.0987022 0.901298
1 0.0637775 0.936223
1 0.177203 0.822797
0 0.787126 0.212874
1 0.31759 0.68241
1 0.191026 0.808974
1 0.434436 0.565564
1 0.250608 0.749392
1 0.209581 0.790419
1 0.211507 0.788493
1 0.246719 0.753281
0 0.743598 0.256402
1 0.0206392 0.979361
1 0.390469 0.609531
1 0.0984766 0.901523
1 0.227809 0.772191
0 0.722395 0.277605
1 0.306498 0.693502
1 0.0676739 0.932326
1 0.176865 0.823135
1 0.400048 0.599952
1 0.37461 0.62539
1 0.479489 0.520511
1 0.168139 0.831861
1 0.325072 0.674928
1 0.292266 0.707734
1 0.204857 0.795143
1 0.0793795 0.92062
0 0.761996 0.238004
1 0.369821 0.630179
1 0.144201 0.855799
1 0.154968 0.845032
1 0.133601 0.866399
1 0.427984 0.572016
1 0.128209 0.871791
1 0.188336 0.811664
1 0.219679 0.780321
1 0.308029 0.691971
1 0.0919994 0.908001
1 0.0920524 0.907948
0 0.571148 0.428852
1 0.0969163 0.903084
0 0.530721 0.469279
1 0.114798 0.885202
0 0.647369 0.352631
1 0.0269764 0.973024
1 0.0368304 0.96317
0 0.621761 0.378239
1 0.0467283 0.953272
1 0.371465 0.628535
1 0.025429 0.974571
1 0.20436 0.79564
1 0.203093 0.796907
1 0.255753 0.744247
0 0.79586 0.20414
0 0.614434 0.385566
1 0.188141 0.811859
1 0.173052 0.826948
1 0.126781 0.873219
1 0.160579 0.839421
1 0.375904 0.624096
0 0.523267 0.476733
1 0.311752 0.688248
1 0.16103 0.83897
1 0.0954923 0.904508
1 0.487569 0.512431
1 0.461475 0.538525
1 0.0876466 0.912353
1 0.132853 0.867147
1 0.285298 0.714702
1 0.288728 0.711272
1 0.273799 0.726201
1 0.344316 0.655684
1 0.367375 0.632625
1 0.151693 0.848307
1 0.276217 0.723783
1 0.440224 0.559776
1 0.492051 0.507949
1 0.132576 0.867424
1 0.0767011 0.923299
1 0.10134 0.89866
1 0.341625 0.658375
1 0.234359 0.765641
1 0.351703 0.648297
1 0.166871 0.833129
0 0.744562 0.255438
1 0.154805 0.845195
1 0.342947 0.657053
1 0.281436 0.718564
1 0.258253 0.741747
1 0.300879 0.699121
1 0.378725 0.621275
1 0.487458 0.512542
1 0.122229 0.877771
1 0.197813 0.802187
1 0.142427 0.857573
1 0.351065 0.648935
1 0.097661 0.902339
0 0.517851 0.482149
1 0.354709 0.645291
1 0.0942972 0.905703
1 0.324571 0.675429
1 0.0809206 0.919079
1 0.134427 0.865573
1 0.0375385 0.962461
1 0.181712 0.818288
1 0.146647 0.853353
1 0.189689 0.810311
1 0.113097 0.886903
1 0.377627 0.622373
1 0.179642 0.820358
1 0.0821256 0.917874
1 0.274876 0.725124
1 0.166221 0.833779
1 0.0263131 0.973687
1 0.0714962 0.928504
1 0.227725 0.772275
1 0.164505 0.835495
1 0.187395 0.812605
1 0.461202 0.538798
1 0.398813 0.601187
1 0.278306 0.721694
1 0.152964 0.847036
1 0.139999 0.860001
1 0.115708 0.884292
1 0.256301 0.743699
1 0.171106 0.828894
1 0.218311 0.781689
1 0.425548 0.574452
