labels 0 1
0 0.874326 0.125674
1 0.225487 0.774513
0 0.65064 0.34936
0 0.80963 0.19037
0 0.916615 0.0833845
0 0.621106 0.378894
0 0.806049 0.193951
0 0.875907 0.124093
0 0.52177 0.47823
1 0.351948 0.648052
0 0.661045 0.338955
0 0.672313 0.327687
1 0.351184 0.648816
0 0.949199 0.0508013
0 0.760488 0.239512
0 0.577728 0.422272
0 0.85478 0.14522
0 0.633978 0.366022
0 0.76372 0.23628
1 0.481193 0.518807
1 0.314096 0.685904
1 0.17016 0.82984
1 0.314022 0.685978
0 0.89429 0.10571
0 0.614281 0.385719
0 0.891268 0.108732
0 0.526938 0.473062
1 0.110555 0.889445
0 0.768976 0.231024
0 0.970607 0.0293927
0 0.550838 0.449162
0 0.93788 0.0621198
1 0.298548 0.701452
0 0.599224 0.400776
1 0.397774 0.602226
1 0.278238 0.721762
0 0.518063 0.481937
1 0.187072 0.812928
0 0.805897 0.194103
0 0.813847 0.186153
1 0.374253 0.625747
1 0.337614 0.662386
0 0.818286 0.181714
0 0.91745 0.0825498
0 0.524589 0.475411
1 0.105938 0.894062
0 0.536832 0.463168
0 0.542488 0.457512
0 0.670141 0.329859
1 0.117688 0.882312
0 0.867757 0.132243
1 0.362628 0.637372
1 0.357109 0.642891
1 0.224036 0.775964
0 0.907828 0.0921724
0 0.925391 0.0746087
1 0.0643384 0.935662
0 0.867617 0.132383
0 0.791956 0.208044
0 0.873223 0.126777
1 0.0805552 0.919445
0 0.803844 0.196156
0 0.5926 0.4074
0 0.601867 0.398133
0 0.967419 0.0325811
0 0.913186 0.0868144
0 0.795671 0.204329
0 0.93086 0.0691398
0 0.584677 0.415323
1 0.25703 0.74297
1 0.147748 0.852252
0 0.578283 0.421717
1 0.473658 0.526342
0 0.987899 0.0121008
1 0.170008 0.829992
0 0.690048 0.309952
1 0.269258 0.730742
1 0.481304 0.518696
0 0.578836 0.421164
0 0.717666 0.282334
1 0.467058 0.532942
1 0.169511 0.830489
1 0.115396 0.884604
1 0.169822 0.830178
0 0.639869 0.360131
0 0.887124 0.112876
1 0.0725684 0.927432
1 0.309295 0.690705
0 0.528848 0.471152
0 0.827176 0.172824
1 0.178271 0.821729
1 0.348655 0.651345
0 0.871466 0.128534
1 0.414982 0.585018
1 0.33674 0.66326
1 0.0803754 0.919625
0 0.541933 0.458067
1 0.43662 0.56338
1 0.017527 0.982473
0 0.58391 0.41609
1 0.224689 0.775311
0 0.770935 0.229065
1 0.309229 0.690771
0 0.829636 0.170364
0 0.939596 0.0604044
0 0.899369 0.100631
0 0.749307 0.250693
1 0.354877 0.645123
0 0.809755 0.190245
0 0.880747 0.119253
0 0.569854 0.430146
0 0.643585 0.356415
0 0.86709 0.13291
0 0.738457 0.261543
1 0.262073 0.737927
0 0.765393 0.234607
0 0.856065 0.143935
0 0.761877 0.238123
0 0.657271 0.342729
0 0.7361 0.2639
0 0.823989 0.176011
1 0.0548415 0.945159
0 0.849901 0.150099
0 0.525698 0.474302
0 0.722874 0.277126
1 0.179805 0.820195
0 0.847244 0.152756
1 0.387764 0.612236
0 0.800329 0.199671
0 0.640717 0.359283
1 0.457198 0.542802
0 0.690145 0.309855
0 0.591143 0.408857
0 0.8749 0.1251
0 0.5189 0.4811
0 0.765197 0.234803
0 0.807702 0.192298
1 0.260835 0.739165
1 0.24372 0.75628
0 0.505253 0.494747
0 0.959812 0.0401877
0 0.957712 0.042288
1 0.446298 0.553702
1 0.492926 0.507074
1 0.0445918 0.955408
1 0.323767 0.676233
1 0.424602 0.575398
1 0.404041 0.595959
0 0.754935 0.245065
0 0.89834 0.10166
1 0.0917395 0.908261
0 0.691772 0.308228
0 0.773675 0.226325
1 0.478139 0.521861
0 0.794109 0.205891
1 0.108654 0.891346
1 0.448701 0.551299
1 0.405881 0.594119
1 0.143093 0.856907
1 0.247457 0.752543
0 0.745384 0.254616
0 0.512642 0.487358
1 0.18021 0.81979
0 0.902837 0.0971633
1 0.20249 0.79751
0 0.726217 0.273783
0 0.85758 0.14242
1 0.316352 0.683648
0 0.69547 0.30453
1 0.32134 0.67866
0 0.715327 0.284673
0 0.721184 0.278816
0 0.93251 0.0674903
0 0.912539 0.0874608
0 0.890356 0.109644
1 0.264861 0.735139
1 0.483341 0.516659
1 0.462093 0.537907
1 0.170606 0.829394
1 0.365206 0.634794
0 0.842753 0.157247
1 0.0965773 0.903423
1 0.463729 0.536271
1 0.218701 0.781299
1 0.421602 0.578398
1 0.190265 0.809735
1 0.118272 0.881728
1 0.205085 0.794915
0 0.588108 0.411892
0 0.599062 0.400938
1 0.193529 0.806471
0 0.927746 0.0722535
0 0.658069 0.341931
0 0.876251 0.123749
1 0.304729 0.695271
0 0.520744 0.479256
0 0.955346 0.0446542
0 0.717556 0.282444
0 0.6226 0.3774
1 0.258927 0.741073
0 0.947664 0.0523363
0 0.952689 0.0473114
0 0.756061 0.243939
1 0.213023 0.786977
0 0.913842 0.0861581
0 0.805602 0.194398
0 0.826151 0.173849
1 0.405584 0.594416
0 0.857735 0.142265
1 0.303052 0.696948
1 0.259902 0.740098
1 0.195149 0.804851
0 0.779972 0.220028
1 0.312311 0.687689
0 0.820209 0.179791
1 0.220969 0.779031
0 0.905197 0.0948031
0 0.912045 0.0879548
1 0.0695079 0.930492
1 0.0954692 0.904531
0 0.845799 0.154201
1 0.209039 0.790961
0 0.833334 0.166666
0 0.714105 0.285895
1 0.384902 0.615098
0 0.989481 0.010519
0 0.840041 0.159959
0 0.940442 0.0595585
0 0.919825 0.080175
0 0.959029 0.0409713
0 0.6257 0.3743
1 0.142339 0.857661
1 0.386118 0.613882
0 0.852476 0.147524
1 0.0122734 0.987727
1 0.160489 0.839511
0 0.974035 0.0259648
0 0.653573 0.346427
0 0.921614 0.0783857
0 0.807462 0.192538
0 0.841031 0.158969
1 0.143046 0.856954
1 0.343711 0.656289
1 0.443344 0.556656
0 0.591431 0.408569
1 0.331597 0.668403
0 0.934474 0.065526
1 0.132796 0.867204
0 0.917719 0.0822811
1 0.385458 0.614542
1 0.354578 0.645422
1 0.0905843 0.909416
1 0.25088 0.74912
1 0.373896 0.626104
0 0.593766 0.406234
1 0.301869 0.698131
0 0.787424 0.212576
0 0.832408 0.167592
1 0.129785 0.870215
1 0.280215 0.719785
0 0.850602 0.149398
1 0.0651478 0.934852
0 0.922948 0.0770519
0 0.971706 0.0282935
0 0.820448 0.179552
0 0.892441 0.107559
0 0.697939 0.302061
0 0.539317 0.460683
0 0.778727 0.221273
0 0.572327 0.427673
1 0.0565612 0.943439
0 0.679089 0.320911
1 0.25087 0.74913
1 0.126703 0.873297
1 0.440596 0.559404
0 0.903505 0.0964948
1 0.459834 0.540166
1 0.490302 0.509698
0 0.601191 0.398809
0 0.694136 0.305864
0 0.748002 0.251998
1 0.368396 0.631604
0 0.801413 0.198587
1 0.393792 0.606208
0 0.591517 0.408483
0 0.555206 0.444794
1 0.249094 0.750906
1 0.376762 0.623238
0 0.897399 0.102601
0 0.568754 0.431246
0 0.556321 0.443679
0 0.989218 0.0107821
0 0.953536 0.0464636
1 0.414872 0.585128
1 0.0891298 0.91087
1 0.22658 0.77342
1 0.0469304 0.95307
0 0.799236 0.200764
0 0.832881 0.167119
0 0.979205 0.0207954
0 0.692498 0.307502
1 0.485222 0.514778
0 0.67701 0.32299
0 0.580182 0.419818
0 0.680999 0.319001
0 0.548009 0.451991
1 0.0751844 0.924816
0 0.722066 0.277934
0 0.72238 0.27762
1 0.168043 0.831957
1 0.10367 0.89633
1 0.403011 0.596989
0 0.939879 0.0601208
1 0.300878 0.699122
0 0.90342 0.0965796
0 0.969066 0.0309344
1 0.454632 0.545368
0 0.568047 0.431953
0 0.972231 0.0277691
1 0.494779 0.505221
0 0.5 0.5
1 0.0908059 0.909194
0 0.615532 0.384468
1 0.488584 0.511416
0 0.567855 0.432145
0 0.987443 0.0125575
0 0.830175 0.169825
0 0.844676 0.155324
0 0.891573 0.108427
0 0.910256 0.0897438
1 0.354073 0.645927
1 0.296241 0.703759
0 0.637279 0.362721
0 0.699417 0.300583
1 0.0194898 0.98051
0 0.923111 0.0768892
0 0.579975 0.420025
0 0.871678 0.128322
1 0.317943 0.682057
0 0.777238 0.222762
0 0.712211 0.287789
0 0.617421 0.382579
0 0.5 0.5
0 0.951251 0.0487486
0 0.774064 0.225936
1 0.361502 0.638498
1 0.381746 0.618254
1 0.421054 0.578946
0 0.523672 0.476328
1 0.172335 0.827665
1 0.230664 0.769336
0 0.668667 0.331333
1 0.202063 0.797937
1 0.310805 0.689195
0 0.916425 0.0835751
0 0.836426 0.163574
0 0.581762 0.418238
0 0.881303 0.118697
0 0.740768 0.259232
0 0.925073 0.0749274
0 0.852098 0.147902
0 0.942444 0.057556
0 0.772037 0.227963
0 0.877187 0.122813
1 0.465424 0.534576
0 0.819136 0.180864
1 0.298353 0.701647
0 0.657939 0.342061
0 0.5 0.5
1 0.468868 0.531132
0 0.526558 0.473442
0 0.604222 0.395778
1 0.299668 0.700332
1 0.161718 0.838282
0 0.608572 0.391428
1 0.216088 0.783912
1 0.00379597 0.996204
0 0.538828 0.461172
0 0.934707 0.0652928
1 0.0465578 0.953442
1 0.355256 0.644744
1 0.319496 0.680504
1 0.198946 0.801054
1 0.0938425 0.906157
1 0.316057 0.683943
1 0.0378727 0.962127
1 0.414487 0.585513
0 0.760477 0.239523
1 0.192823 0.807177
1 0.243223 0.756777
1 0.12109 0.87891
1 0.306959 0.693041
1 0.271719 0.728281
1 0.0312111 0.968789
1 0.271746 0.728254
0 0.70735 0.29265
1 0.150395 0.849605
1 0.336142 0.663858
0 0.605027 0.394973
1 0.0912597 0.90874
1 0.101644 0.898356
1 0.0363078 0.963692
1 0.137556 0.862444
0 0.513997 0.486003
1 0.186108 0.813892
1 0.108729 0.891271
1 0.124865 0.875135
0 0.638472 0.361528
1 0.0732805 0.926719
0 0.80343 0.19657
0 0.928086 0.0719143
1 0.0638028 0.936197
0 0.694107 0.305893
0 0.822553 0.177447
0 0.781923 0.218077
1 0.0441127 0.955887
1 0.363583 0.636417
1 0.383322 0.616678
1 0.0423858 0.957614
1 0.10933 0.89067
1 0.00567427 0.994326
1 0.337639 0.662361
1 0.11621 0.88379
1 0.266078 0.733922
1 0.0857633 0.914237
1 0.174278 0.825722
1 0.294292 0.705708
0 0.694996 0.305004
1 0.248402 0.751598
1 0.0229802 0.97702
1 0.164557 0.835443
1 0.0447662 0.955234
1 0.271999 0.728001
1 0.0229077 0.977092
1 0.229894 0.770106
1 6.28722e-06 0.999994
1 0.312266 0.687734
1 0.0598596 0.94014
1 0.293353 0.706647
1 0.160121 0.839879
1 0.106866 0.893134
1 0.0489309 0.951069
0 0.526253 0.473747
1 0.0108984 0.989102
1 0.101942 0.898058
0 0.867913 0.132087
1 0.0931898 0.90681
1 0.0338234 0.966177
1 0.206458 0.793542
1 0.338765 0.661235
1 0.0745817 0.925418
1 0.0377553 0.962245
1 0.0660405 0.93396
1 0.106984 0.893016
1 0.110144 0.889856
1 0.0244188 0.975581
1 0.325864 0.674136
1 0.0214503 0.97855
1 0.0476144 0.952386
1 0.112911 0.887089
1 0.192935 0.807065
1 0.256418 0.743582
0 0.629484 0.370516
1 0.0132105 0.986789
1 0.245898 0.754102
1 0.463391 0.536609
1 0.424556 0.575444
1 0.0873151 0.912685
1 0.317155 0.682845
1 0.0477581 0.952242
1 0.0101067 0.989893
1 0.159702 0.840298
1 0.178805 0.821195
1 0.0925959 0.907404
1 0.167608 0.832392
0 0.687888 0.312112
1 0.0513744 0.948626
1 0.258567 0.741433
1 0.139612 0.860388
1 0.449095 0.550905
1 0.054091 0.945909
1 0.0739557 0.926044
0 0.806567 0.193433
1 0.0525611 0.947439
1 0.0484861 0.951514
1 0.158799 0.841201
1 0.0399134 0.960087
1 0.131358 0.868642
1 0.0258859 0.974114
1 0.0333431 0.966657
0 0.510498 0.489502
1 0.00900405 0.990996
0 0.585184 0.414816
0 0.73364 0.26636
1 0.0119194 0.988081
1 0.0939593 0.906041
0 0.700831 0.299169
1 0.0652702 0.93473
1 0.301997 0.698003
1 0.0635003 0.9365
1 0.286808 0.713192
1 0.102396 0.897604
0 0.786493 0.213507
1 0.0966258 0.903374
1 0.417594 0.582406
1 0.100531 0.899469
1 0.0142462 0.985754
0 0.810828 0.189172
1 0.200203 0.799797
1 0.00454777 0.995452
1 0.0441686 0.955831
0 0.542751 0.457249
0 0.57802 0.42198
1 0.039745 0.960255
1 0.106517 0.893483
1 0.0200865 0.979913
1 0.378335 0.621665
0 0.529477 0.470523
1 0.178295 0.821705
1 0.0614657 0.938534
1 0.00725106 0.992749
1 0.212404 0.787596
0 0.622808 0.377192
0 0.72704 0.27296
0 0.728266 0.271734
1 0.332392 0.667608
1 0.0153521 0.984648
1 0.423143 0.576857
1 0.192709 0.807291
0 0.738318 0.261682
1 0.0661134 0.933887
0 0.738168 0.261832
1 0.192323 0.807677
1 0.0370384 0.962962
1 0.0809431 0.919057
1 0.205514 0.794486
1 0.287059 0.712941
1 0.141007 0.858993
1 0.0192746 0.980725
1 0.144093 0.855907
1 0.0341281 0.965872
1 0.394362 0.605638
1 0.125594 0.874406
1 0.378735 0.621265
1 0.254846 0.745154
1 0.344519 0.655481
1 0.351197 0.648803
1 0.265154 0.734846
1 0.487416 0.512584
1 0.183125 0.816875
1 0.476375 0.523625
0 0.616736 0.383264
1 0.126969 0.873031
1 0.00504467 0.994955
1 0.192412 0.807588
1 0.220029 0.779971
1 0.305738 0.694262
1 0.0451168 0.954883
1 0.318777 0.681223
1 0.0583519 0.941648
1 0.0440067 0.955993
1 0.0215453 0.978455
1 0.36707 0.63293
1 0.19344 0.80656
1 0.0675659 0.932434
1 0.380597 0.619403
1 0.382642 0.617358
1 0.0332749 0.966725
1 0.174914 0.825086
1 0.212854 0.787146
1 0.494245 0.505755
1 0.296093 0.703907
1 0.0657266 0.934273
1 0.0742691 0.925731
1 0.194575 0.805425
1 0.152023 0.847977
1 0.0291601 0.97084
1 0.167735 0.832265
1 0.0622588 0.937741
1 0.0767078 0.923292
1 0.231383 0.768617
1 0.229831 0.770169
1 0.00720996 0.99279
1 0.449355 0.550645
1 0.34095 0.65905
0 0.516378 0.483622
1 0.0854692 0.914531
1 0.0727381 0.927262
1 0.259622 0.740378
1 0.0859643 0.914036
1 0.287524 0.712476
1 0.126929 0.873071
1 0.0679589 0.932041
1 0.134556 0.865444
1 0.0116703 0.98833
1 0.306677 0.693323
1 0.276366 0.723634
1 0.0306328 0.969367
1 0.145199 0.854801
1 0.0295944 0.970406
1 0.00344871 0.996551
1 0.0668554 0.933145
0 0.528654 0.471346
1 0.0563093 0.943691
0 0.712504 0.287496
1 0.402766 0.597234
1 0.369994 0.630006
1 0.101386 0.898614
1 0.109933 0.890067
1 0.0606375 0.939363
1 0.0102534 0.989747
1 0.143076 0.856924
1 0.483017 0.516983
1 0.149159 0.850841
1 0.0924088 0.907591
0 0.692922 0.307078
1 0.138178 0.861822
1 0.389632 0.610368
1 0.0111066 0.988893
1 0.266717 0.733283
1 0.168309 0.831691
1 0.0373563 0.962644
1 0.00704265 0.992957
1 0.100434 0.899566
0 0.734267 0.265733
0 0.5 0.5
1 0.165374 0.834626
1 0.322304 0.677696
1 0.328446 0.671554
1 0.144022 0.855978
1 0.152505 0.847495
1 0.252548 0.747452
0 0.891751 0.108249
1 0.00423105 0.995769
1 0.325742 0.674258
1 0.0509457 0.949054
1 0.37413 0.62587
0 0.800669 0.199331
1 0.48328 0.51672
1 0.0106904 0.98931
1 0.0630029 0.936997
0 0.548086 0.451914
1 0.17839 0.82161
1 0.471482 0.528518
1 0.0886915 0.911308
1 0.304476 0.695524
1 0.160895 0.839105
1 0.0878711 0.912129
1 0.0104633 0.989537
0 0.827548 0.172452
0 0.528654 0.471346
1 0.0986082 0.901392
1 0.0950007 0.904999
1 0.0886508 0.911349
0 0.655266 0.344734
1 0.248982 0.751018
1 0.071782 0.928218
1 0.268192 0.731808
1 0.153321 0.846679
1 0.0124164 0.987584
1 0.0214758 0.978524
0 0.598301 0.401699
1 0.0216649 0.978335
1 0.471301 0.528699
1 0.090471 0.909529
0 0.804752 0.195248
1 2.95355e-06 0.999997
1 0.0166659 0.983334
0 0.710657 0.289343
1 0.0164591 0.983541
1 0.25336 0.74664
1 0.0499229 0.950077
1 0.0979379 0.902062
1 0.10926 0.89074
1 0.252706 0.747294
0 0.826308 0.173692
0 0.5 0.5
1 0.0721247 0.927875
1 0.109732 0.890268
1 0.0846981 0.915302
1 0.204783 0.795217
1 0.275443 0.724557
0 0.573461 0.426539
1 0.352899 0.647101
1 0.0704231 0.929577
1 0.182225 0.817775
1 0.429436 0.570564
0 0.627277 0.372723
1 0.0136013 0.986399
1 0.115862 0.884138
1 0.432114 0.567886
1 0.411214 0.588786
1 0.148399 0.851601
1 0.378802 0.621198
1 0.354991 0.645009
1 0.0831113 0.916889
1 0.234809 0.765191
1 0.423151 0.576849
1 0.35926 0.64074
1 0.0435342 0.956466
1 0.0109785 0.989021
1 0.0136782 0.986322
1 0.292666 0.707334
1 0.266024 0.733976
0 0.507192 0.492808
1 0.235835 0.764165
0 0.710674 0.289326
1 0.388554 0.611446
1 0.401866 0.598134
1 0.349333 0.650667
1 0.161294 0.838706
1 0.304499 0.695501
1 0.310887 0.689113
1 0.448605 0.551395
1 0.0228791 0.977121
1 0.0856039 0.914396
1 0.0340638 0.965936
1 0.319387 0.680613
1 0.0191925 0.980808
1 0.353812 0.646188
1 0.265287 0.734713
1 0.0320616 0.967938
0 0.598486 0.401514
1 0.108186 0.891814
1 0.139633 0.860367
1 0.0067671 0.993233
1 0.10542 0.89458
1 0.134008 0.865992
1 0.163164 0.836836
1 0.086047 0.913953
1 0.431758 0.568242
1 0.0361832 0.963817
1 0.0272991 0.972701
1 0.347892 0.652108
1 0.114764 0.885236
1 0.0200083 0.979992
1 0.0956624 0.904338
1 0.236208 0.763792
1 0.087704 0.912296
1 0.271627 0.728373
0 0.727157 0.272843
0 0.680793 0.319207
1 0.145154 0.854846
1 0.044699 0.955301
1 0.0644709 0.935529
1 0.00916871 0.990831
1 0.40142 0.59858
1 0.114907 0.885093
1 0.0984504 0.90155
0 0.778925 0.221075
