labels 0 1
0 0.850607 0.149393
1 0.22108 0.77892
0 0.55988 0.44012
0 0.816786 0.183214
0 0.934576 0.0654237
0 0.658255 0.341745
0 0.886222 0.113778
0 0.812595 0.187405
1 0.395987 0.604013
1 0.355598 0.644402
0 0.594445 0.405555
0 0.524222 0.475778
1 0.494843 0.505157
0 0.932092 0.0679082
0 0.656392 0.343608
1 0.293675 0.706325
0 0.787945 0.212055
0 0.555197 0.444803
0 0.743224 0.256776
1 0.47723 0.52277
1 0.261481 0.738519
1 0.226097 0.773903
1 0.306071 0.693929
0 0.870777 0.129223
1 0.455477 0.544523
0 0.834309 0.165691
0 0.654866 0.345134
1 0.126826 0.873174
0 0.572288 0.427712
0 0.9721 0.0279
1 0.380259 0.619741
0 0.914315 0.085685
1 0.272062 0.727938
1 0.410693 0.589307
1 0.321528 0.678472
1 0.301711 0.698289
1 0.408783 0.591217
1 0.321085 0.678915
0 0.768168 0.231832
0 0.579959 0.420041
1 0.463892 0.536108
1 0.398757 0.601243
0 0.727546 0.272454
0 0.915847 0.0841527
1 0.474926 0.525074
1 0.163512 0.836488
1 0.443759 0.556241
1 0.491986 0.508014
0 0.5 0.5
1 0.158562 0.841438
0 0.666458 0.333542
1 0.377267 0.622733
1 0.309332 0.690668
1 0.409364 0.590636
0 0.714062 0.285938
0 0.789049 0.210951
1 0.0747507 0.925249
0 0.763677 0.236323
0 0.688382 0.311618
0 0.850498 0.149502
1 0.159706 0.840294
0 0.706818 0.293182
0 0.660834 0.339166
0 0.616307 0.383693
0 0.945836 0.0541638
0 0.781441 0.218559
0 0.787455 0.212545
0 0.877518 0.122482
0 0.551352 0.448648
1 0.230418 0.769582
1 0.124481 0.875519
0 0.555207 0.444793
1 0.410338 0.589662
0 0.987573 0.0124269
1 0.214056 0.785944
0 0.561408 0.438592
1 0.211428 0.788572
1 0.403902 0.596098
0 0.621794 0.378206
0 0.669719 0.330281
1 0.414666 0.585334
1 0.206532 0.793468
1 0.17728 0.82272
1 0.273826 0.726174
0 0.611578 0.388422
0 0.856077 0.143923
1 0.109675 0.890325
1 0.392106 0.607894
1 0.441467 0.558533
0 0.706942 0.293058
1 0.161001 0.838999
1 0.340237 0.659763
0 0.853015 0.146985
1 0.340818 0.659182
1 0.267087 0.732913
1 0.0966399 0.90336
0 0.620783 0.379217
1 0.37051 0.62949
1 0.0939923 0.906008
1 0.490672 0.509328
1 0.29219 0.70781
0 0.69699 0.30301
1 0.259434 0.740566
0 0.664038 0.335962
0 0.84943 0.15057
0 0.817685 0.182315
0 0.620573 0.379427
1 0.441343 0.558657
0 0.817945 0.182055
0 0.782822 0.217178
1 0.328292 0.671708
0 0.68114 0.31886
0 0.848345 0.151655
0 0.660008 0.339992
1 0.354318 0.645682
0 0.637076 0.362924
0 0.694894 0.305106
0 0.768052 0.231948
0 0.691294 0.308706
0 0.605761 0.394239
0 0.808585 0.191415
1 0.0535444 0.946456
0 0.775984 0.224016
1 0.350666 0.649334
0 0.75641 0.24359
1 0.174463 0.825537
0 0.824785 0.175215
1 0.308365 0.691635
0 0.730459 0.269541
0 0.5 0.5
1 0.48968 0.51032
0 0.663756 0.336244
1 0.46436 0.53564
0 0.816512 0.183488
0 0.607447 0.392553
0 0.722451 0.277549
0 0.67104 0.32896
1 0.238035 0.761965
1 0.197008 0.802992
1 0.360248 0.639752
0 0.936071 0.0639289
0 0.939973 0.0600267
1 0.473113 0.526887
1 0.384018 0.615982
1 0.0696812 0.930319
1 0.453247 0.546753
1 0.361374 0.638626
1 0.34823 0.65177
0 0.640535 0.359465
0 0.900198 0.0998024
1 0.200841 0.799159
0 0.657467 0.342533
0 0.759044 0.240956
1 0.437442 0.562558
0 0.89717 0.10283
1 0.243585 0.756415
0 0.541549 0.458451
1 0.421906 0.578094
1 0.144802 0.855198
1 0.246121 0.753879
1 0.375354 0.624646
1 0.454059 0.545941
1 0.192616 0.807384
0 0.87429 0.12571
1 0.198495 0.801505
0 0.660885 0.339115
0 0.830252 0.169748
1 0.256539 0.743461
0 0.520626 0.479374
1 0.290808 0.709192
0 0.760282 0.239718
0 0.595483 0.404517
0 0.723132 0.276868
0 0.838516 0.161484
0 0.834898 0.165102
1 0.251878 0.748122
0 0.524763 0.475237
1 0.352149 0.647851
1 0.209705 0.790295
1 0.376852 0.623148
0 0.777285 0.222715
1 0.242628 0.757372
0 0.722634 0.277366
1 0.225788 0.774212
1 0.469766 0.530234
1 0.186848 0.813152
1 0.140508 0.859492
1 0.14059 0.85941
0 0.598052 0.401948
0 0.577009 0.422991
1 0.151808 0.848192
0 0.92728 0.07272
0 0.651723 0.348277
0 0.68351 0.31649
1 0.290115 0.709885
0 0.572079 0.427921
0 0.909327 0.0906729
0 0.743793 0.256207
0 0.616544 0.383456
1 0.262214 0.737786
0 0.937261 0.0627393
0 0.942224 0.0577756
0 0.542575 0.457425
1 0.225402 0.774598
0 0.838951 0.161049
0 0.760242 0.239758
0 0.5 0.5
1 0.383536 0.616464
0 0.65765 0.34235
1 0.432628 0.567372
1 0.341816 0.658184
1 0.28537 0.71463
0 0.863481 0.136519
1 0.312008 0.687992
0 0.600315 0.399685
1 0.125499 0.874501
0 0.643131 0.356869
0 0.89449 0.10551
1 0.17825 0.82175
1 0.140121 0.859879
0 0.724927 0.275073
1 0.214721 0.785279
0 0.808876 0.191124
0 0.588083 0.411917
1 0.39211 0.60789
0 0.951359 0.0486414
0 0.756917 0.243083
0 0.817649 0.182351
0 0.907357 0.0926433
0 0.902522 0.0974782
0 0.513781 0.486219
1 0.252421 0.747579
1 0.321262 0.678738
0 0.755285 0.244715
1 0.0417303 0.95827
1 0.193518 0.806482
0 0.978049 0.0219508
0 0.563017 0.436983
0 0.888214 0.111786
0 0.786407 0.213593
0 0.780478 0.219522
1 0.166948 0.833052
1 0.316679 0.683321
1 0.40242 0.59758
0 0.628075 0.371925
1 0.230925 0.769075
0 0.841557 0.158443
1 0.131064 0.868936
0 0.852893 0.147107
1 0.47818 0.52182
1 0.379863 0.620137
1 0.089174 0.910826
1 0.308405 0.691595
1 0.462421 0.537579
1 0.487223 0.512777
1 0.317031 0.682969
0 0.721221 0.278779
0 0.784489 0.215511
1 0.176057 0.823943
1 0.276614 0.723386
0 0.778296 0.221704
1 0.111992 0.888008
0 0.883905 0.116095
0 0.932963 0.0670371
0 0.858362 0.141638
0 0.793825 0.206175
1 0.476247 0.523753
0 0.508569 0.491431
0 0.677881 0.322119
0 0.523692 0.476308
1 0.155946 0.844054
0 0.546401 0.453599
1 0.236512 0.763488
1 0.202332 0.797668
1 0.340161 0.659839
0 0.892506 0.107494
1 0.348595 0.651405
1 0.452732 0.547268
0 0.514459 0.485541
0 0.62131 0.37869
0 0.57641 0.42359
1 0.452409 0.547591
0 0.569023 0.430977
1 0.238733 0.761267
0 0.649143 0.350857
1 0.347115 0.652885
1 0.339923 0.660077
1 0.393206 0.606794
0 0.821367 0.178633
0 0.596761 0.403239
0 0.533387 0.466613
0 0.984784 0.0152156
0 0.953659 0.0463407
1 0.308102 0.691898
1 0.124762 0.875238
1 0.360466 0.639534
1 0.0971515 0.902849
0 0.583683 0.416317
0 0.859422 0.140578
0 0.917394 0.0826064
0 0.567949 0.432051
1 0.409233 0.590767
0 0.54471 0.45529
1 0.460924 0.539076
0 0.598415 0.401585
0 0.587764 0.412236
1 0.138235 0.861765
0 0.691994 0.308006
0 0.664848 0.335152
1 0.277557 0.722443
1 0.104093 0.895907
1 0.315454 0.684546
0 0.882035 0.117965
1 0.265514 0.734486
0 0.831484 0.168516
0 0.902414 0.0975855
1 0.410532 0.589468
0 0.546498 0.453502
0 0.963292 0.0367078
1 0.429646 0.570354
1 0.368337 0.631663
1 0.114724 0.885276
0 0.606097 0.393903
0 0.542141 0.457859
0 0.508251 0.491749
0 0.978854 0.0211461
0 0.81699 0.18301
0 0.824328 0.175672
0 0.750119 0.249881
0 0.875097 0.124903
0 0.516387 0.483613
1 0.466468 0.533532
1 0.349029 0.650971
0 0.680149 0.319851
1 0.108025 0.891975
0 0.888393 0.111607
0 0.719052 0.280948
0 0.856686 0.143314
1 0.319031 0.680969
0 0.585976 0.414024
0 0.548957 0.451043
0 0.547504 0.452496
1 0.418014 0.581986
0 0.876891 0.123109
0 0.664766 0.335234
1 0.284673 0.715327
1 0.442185 0.557815
0 0.5 0.5
0 0.516873 0.483127
1 0.202792 0.797208
1 0.220554 0.779446
0 0.608288 0.391712
1 0.124652 0.875348
1 0.213838 0.786162
0 0.912889 0.0871111
0 0.731738 0.268262
0 0.513503 0.486497
0 0.820702 0.179298
0 0.631905 0.368095
0 0.866249 0.133751
0 0.817104 0.182896
0 0.940729 0.059271
0 0.55596 0.44404
0 0.800102 0.199898
0 0.50599 0.49401
0 0.725919 0.274081
1 0.310455 0.689545
1 0.40312 0.59688
1 0.462526 0.537474
0 0.517333 0.482667
0 0.526055 0.473945
1 0.38544 0.61456
1 0.366374 0.633626
1 0.24241 0.75759
0 0.671841 0.328159
1 0.112752 0.887248
1 0.0221632 0.977837
1 0.448767 0.551233
0 0.933046 0.0669543
1 0.0747585 0.925241
1 0.373273 0.626727
1 0.284753 0.715247
1 0.165748 0.834252
1 0.10277 0.89723
1 0.325312 0.674688
1 0.0385401 0.96146
1 0.348949 0.651051
0 0.666025 0.333975
1 0.186042 0.813958
1 0.217257 0.782743
1 0.151188 0.848812
1 0.336156 0.663844
1 0.360538 0.639462
1 0.112463 0.887537
1 0.256843 0.743157
0 0.729419 0.270581
1 0.180767 0.819233
1 0.266441 0.733559
1 0.30694 0.69306
1 0.20129 0.79871
1 0.0751863 0.924814
1 0.0909574 0.909043
1 0.165392 0.834608
0 0.554566 0.445434
1 0.189999 0.810001
1 0.17015 0.82985
1 0.189221 0.810779
0 0.745244 0.254756
1 0.10093 0.89907
0 0.798758 0.201242
0 0.803567 0.196433
1 0.10759 0.89241
0 0.728804 0.271196
0 0.726853 0.273147
0 0.67714 0.32286
1 0.121215 0.878785
1 0.2613 0.7387
1 0.387478 0.612522
1 0.102309 0.897691
1 0.139977 0.860023
1 0.0258804 0.97412
1 0.260606 0.739394
1 0.172261 0.827739
1 0.273077 0.726923
1 0.113897 0.886103
1 0.243183 0.756817
1 0.204913 0.795087
0 0.601514 0.398486
1 0.26617 0.73383
1 0.0435477 0.956452
1 0.210486 0.789514
1 0.0948894 0.905111
1 0.186761 0.813239
1 0.0583263 0.941674
1 0.204676 0.795324
1 0.0176003 0.9824
1 0.272819 0.727181
1 0.0903634 0.909637
1 0.24887 0.75113
1 0.154352 0.845648
1 0.187735 0.812265
1 0.067628 0.932372
0 0.550703 0.449297
1 0.0337763 0.966224
1 0.136036 0.863964
0 0.849418 0.150582
1 0.134267 0.865733
1 0.0789184 0.921082
1 0.188672 0.811328
1 0.391733 0.608267
1 0.159749 0.840251
1 0.0603242 0.939676
1 0.16558 0.83442
1 0.0801014 0.919899
1 0.167504 0.832496
1 0.0311116 0.968888
1 0.277267 0.722733
1 0.0398649 0.960135
1 0.0901113 0.909889
1 0.16234 0.83766
1 0.205693 0.794307
1 0.215441 0.784559
0 0.550199 0.449801
1 0.0450897 0.95491
1 0.225705 0.774295
1 0.476632 0.523368
1 0.490674 0.509326
1 0.131418 0.868582
1 0.343635 0.656365
1 0.0545296 0.94547
1 0.0473155 0.952685
1 0.283216 0.716784
1 0.1907 0.8093
1 0.104295 0.895705
1 0.195468 0.804532
0 0.517418 0.482582
1 0.107113 0.892887
1 0.276256 0.723744
1 0.200094 0.799906
1 0.260851 0.739149
1 0.0806035 0.919396
1 0.116159 0.883841
0 0.688711 0.311289
1 0.126272 0.873728
1 0.160453 0.839547
1 0.188959 0.811041
1 0.113909 0.886091
1 0.170246 0.829754
1 0.0403387 0.959661
1 0.0765231 0.923477
1 0.304613 0.695387
1 0.0676203 0.93238
1 0.463201 0.536799
0 0.552073 0.447927
1 0.0741492 0.925851
1 0.0696944 0.930306
0 0.656939 0.343061
1 0.145916 0.854084
1 0.390661 0.609339
1 0.0918725 0.908128
1 0.388976 0.611024
1 0.157802 0.842198
0 0.748862 0.251138
1 0.18982 0.81018
1 0.317619 0.682381
1 0.174535 0.825465
1 0.0367405 0.963259
0 0.796066 0.203934
1 0.286981 0.713019
1 0.017899 0.982101
1 0.0899451 0.910055
1 0.464499 0.535501
1 0.460643 0.539357
1 0.0581443 0.941856
1 0.169458 0.830542
1 0.0639022 0.936098
1 0.435204 0.564796
1 0.476125 0.523875
1 0.171183 0.828817
1 0.124533 0.875467
1 0.0167706 0.983229
1 0.241079 0.758921
1 0.460208 0.539792
0 0.737669 0.262331
0 0.682631 0.317369
1 0.292696 0.707304
1 0.032012 0.967988
1 0.313962 0.686038
1 0.270979 0.729021
0 0.629868 0.370132
1 0.175326 0.824674
0 0.678951 0.321049
1 0.247828 0.752172
1 0.104691 0.895309
1 0.142234 0.857766
1 0.211987 0.788013
1 0.347141 0.652859
1 0.103176 0.896824
1 0.0219169 0.978083
1 0.119359 0.880641
1 0.076924 0.923076
1 0.385667 0.614333
1 0.124653 0.875347
1 0.314379 0.685621
1 0.255293 0.744707
1 0.459137 0.540863
1 0.376539 0.623461
1 0.171869 0.828131
0 0.5 0.5
1 0.213112 0.786888
1 0.483159 0.516841
0 0.698834 0.301166
1 0.187461 0.812539
1 0.0486989 0.951301
1 0.18955 0.81045
1 0.254034 0.745966
1 0.326905 0.673095
1 0.101255 0.898745
1 0.361804 0.638196
1 0.073061 0.926939
1 0.0889502 0.91105
1 0.0296423 0.970358
1 0.349123 0.650877
1 0.23739 0.76261
1 0.174387 0.825613
1 0.261229 0.738771
1 0.340226 0.659774
1 0.0795787 0.920421
1 0.257762 0.742238
1 0.182846 0.817154
1 0.419351 0.580649
1 0.280883 0.719117
1 0.138396 0.861604
1 0.142613 0.857387
1 0.121098 0.878902
1 0.212382 0.787618
1 0.0682364 0.931764
1 0.276021 0.723979
1 0.0630923 0.936908
1 0.0616855 0.938315
1 0.328098 0.671902
1 0.223028 0.776972
1 0.023167 0.976833
1 0.407045 0.592955
1 0.279749 0.720251
0 0.51799 0.48201
1 0.15932 0.84068
1 0.0994084 0.900592
1 0.269291 0.730709
1 0.0597362 0.940264
1 0.273579 0.726421
1 0.0979214 0.902079
1 0.0493946 0.950605
1 0.117864 0.882136
1 0.011246 0.988754
1 0.28557 0.71443
1 0.306537 0.693463
1 0.0838869 0.916113
1 0.119173 0.880827
1 0.0789991 0.921001
1 0.0105153 0.989485
1 0.0738517 0.926148
0 0.52193 0.47807
1 0.124739 0.875261
0 0.551517 0.448483
1 0.39012 0.60988
1 0.372671 0.627329
1 0.155762 0.844238
1 0.0933467 0.906653
1 0.109954 0.890046
1 0.0417247 0.958275
1 0.243754 0.756246
1 0.478415 0.521585
1 0.216606 0.783394
1 0.0922776 0.907722
0 0.659079 0.340921
1 0.166219 0.833781
1 0.407018 0.592982
1 0.0455606 0.954439
1 0.268008 0.731992
1 0.173557 0.826443
1 0.155537 0.844463
1 0.0396403 0.96036
1 0.181302 0.818698
0 0.708107 0.291893
1 0.459925 0.540075
1 0.218436 0.781564
1 0.300865 0.699135
1 0.244625 0.755375
1 0.202756 0.797244
1 0.215469 0.784531
1 0.293369 0.706631
0 0.785224 0.214776
1 0.0113706 0.988629
1 0.326127 0.673873
1 0.0692499 0.93075
1 0.318049 0.681951
0 0.721232 0.278768
1 0.32157 0.67843
1 0.0327024 0.967298
1 0.126812 0.873188
1 0.46146 0.53854
1 0.265603 0.734397
1 0.474063 0.525937
1 0.132392 0.867608
1 0.283511 0.716489
1 0.21018 0.78982
1 0.181971 0.818029
1 0.0405031 0.959497
0 0.735592 0.264408
0 0.505276 0.494724
1 0.108406 0.891594
1 0.137248 0.862752
1 0.10473 0.89527
0 0.506424 0.493576
1 0.109813 0.890187
1 0.124151 0.875849
1 0.242108 0.757892
1 0.256182 0.743818
1 0.0328297 0.96717
1 0.0595497 0.94045
0 0.638227 0.361773
1 0.0622434 0.937757
1 0.431305 0.568695
1 0.0980194 0.901981
0 0.749906 0.250094
1 0.0156286 0.984371
1 0.0308373 0.969163
0 0.647032 0.352968
1 0.0404639 0.959536
1 0.441965 0.558035
1 0.0284252 0.971575
1 0.16125 0.83875
1 0.192015 0.807985
1 0.215744 0.784256
0 0.715931 0.284069
0 0.592519 0.407481
1 0.138759 0.861241
1 0.185491 0.814509
1 0.0763101 0.92369
1 0.259911 0.740089
1 0.352849 0.647151
0 0.524823 0.475177
1 0.377831 0.622169
1 0.126691 0.873309
1 0.2297 0.7703
1 0.419578 0.580422
1 0.418646 0.581354
1 0.023179 0.976821
1 0.138791 0.861209
1 0.351677 0.648323
1 0.348561 0.651439
1 0.277926 0.722074
1 0.262725 0.737275
1 0.452656 0.547344
1 0.151697 0.848303
1 0.283708 0.716292
1 0.41555 0.58445
1 0.439513 0.560487
1 0.0991847 0.900815
1 0.0306667 0.969333
1 0.0509244 0.949076
1 0.36557 0.63443
1 0.366567 0.633433
1 0.494796 0.505204
1 0.188052 0.811948
0 0.732885 0.267115
1 0.201738 0.798262
1 0.356723 0.643277
1 0.477599 0.522401
1 0.255376 0.744624
1 0.315887 0.684113
1 0.323236 0.676764
1 0.470195 0.529805
1 0.0374416 0.962558
1 0.116783 0.883217
1 0.0853974 0.914603
1 0.287189 0.712811
1 0.0966057 0.903394
1 0.41411 0.58589
1 0.331277 0.668723
1 0.0952496 0.90475
1 0.437488 0.562512
1 0.116384 0.883616
1 0.153569 0.846431
1 0.0189839 0.981016
1 0.141779 0.858221
1 0.184061 0.815939
1 0.159782 0.840218
1 0.144544 0.855456
1 0.349102 0.650898
1 0.147216 0.852784
1 0.062601 0.937399
1 0.311331 0.688669
1 0.0812499 0.91875
1 0.0177657 0.982234
1 0.105679 0.894321
1 0.205639 0.794361
1 0.132513 0.867487
1 0.2485 0.7515
0 0.571769 0.428231
1 0.488305 0.511695
1 0.16684 0.83316
1 0.170501 0.829499
1 0.124446 0.875554
1 0.0554812 0.944519
1 0.364752 0.635248
1 0.191373 0.808627
1 0.125094 0.874906
0 0.53345 0.46655
