labels 1 0
1 0.719121 0.280879
1 0.920256 0.0797436
0 0.391102 0.608898
0 0.268338 0.731662
1 0.892893 0.107107
1 0.952448 0.0475523
1 0.7877 0.2123
1 0.838024 0.161976
1 0.738711 0.261289
1 0.744829 0.255171
0 0.49256 0.50744
1 0.864825 0.135175
1 0.958408 0.0415921
0 0.455237 0.544763
1 0.652532 0.347468
1 0.785225 0.214775
1 0.943175 0.0568252
1 0.927461 0.0725386
1 0.647703 0.352297
1 0.699876 0.300124
1 0.51516 0.48484
1 0.980752 0.0192477
1 0.94249 0.0575101
1 0.938832 0.0611685
1 0.574984 0.425016
0 0.352507 0.647493
1 0.684552 0.315448
0 0.0758111 0.924189
1 0.864074 0.135926
1 0.722976 0.277024
1 0.790155 0.209845
1 0.917135 0.0828645
1 0.910418 0.0895822
1 0.930098 0.0699024
1 0.582557 0.417443
1 0.956559 0.0434412
1 0.767863 0.232137
1 0.777607 0.222393
1 0.937757 0.0622431
1 0.604609 0.395391
1 0.768485 0.231515
1 0.885198 0.114802
1 0.856923 0.143077
1 0.5 0.5
1 0.869905 0.130095
1 0.865169 0.134831
1 0.778106 0.221894
1 0.711367 0.288633
1 0.850965 0.149035
1 0.891159 0.108841
1 0.804347 0.195653
1 0.922033 0.0779667
1 0.600495 0.399505
1 0.821286 0.178714
1 0.659019 0.340981
0 0.452816 0.547184
1 0.680023 0.319977
1 0.711411 0.288589
0 0.397847 0.602153
1 0.833166 0.166834
1 0.719306 0.280694
1 0.935874 0.0641262
1 0.920504 0.0794963
1 0.684615 0.315385
1 0.728587 0.271413
1 0.803021 0.196979
1 0.600987 0.399013
1 0.666885 0.333115
1 0.676531 0.323469
1 0.708966 0.291034
1 0.76724 0.23276
1 0.923505 0.0764949
1 0.927264 0.0727356
0 0.439631 0.560369
1 0.702205 0.297795
1 0.736028 0.263972
1 0.677537 0.322463
1 0.959049 0.0409507
1 0.7689 0.2311
1 0.814923 0.185077
1 0.816733 0.183267
1 0.725719 0.274281
1 0.608384 0.391616
1 0.728882 0.271118
0 0.101811 0.898189
1 0.983944 0.0160561
1 0.507937 0.492063
1 0.700991 0.299009
1 0.839241 0.160759
0 0.428927 0.571073
0 0.149086 0.850914
1 0.687948 0.312052
0 0.398816 0.601184
0 0.251912 0.748088
1 0.933961 0.0660389
1 0.780944 0.219056
1 0.85733 0.14267
1 0.5 0.5
1 0.620707 0.379293
1 0.963776 0.0362241
1 0.796091 0.203909
1 0.717483 0.282517
1 0.57604 0.42396
1 0.945176 0.0548242
1 0.975864 0.0241363
1 0.644621 0.355379
0 0.253732 0.746268
1 0.938587 0.0614126
1 0.695869 0.304131
1 0.917142 0.0828576
0 0.484888 0.515112
1 0.79821 0.20179
1 0.698527 0.301473
0 0.461976 0.538024
1 0.838737 0.161263
1 0.597518 0.402482
1 0.613044 0.386956
1 0.814891 0.185109
1 0.648357 0.351643
1 0.727696 0.272304
1 0.840646 0.159354
1 0.850176 0.149824
1 0.832997 0.167003
0 0.454994 0.545006
1 0.951028 0.0489724
1 0.934484 0.0655165
1 0.570784 0.429216
1 0.554164 0.445836
1 0.929963 0.0700366
1 0.708988 0.291012
1 0.899241 0.100759
1 0.838353 0.161647
1 0.784118 0.215882
1 0.798116 0.201884
1 0.976358 0.0236416
1 0.762362 0.237638
1 0.5848 0.4152
0 0.369203 0.630797
1 0.926996 0.0730044
1 0.743219 0.256781
1 0.534344 0.465656
1 0.936737 0.0632633
1 0.92523 0.0747697
1 0.938421 0.061579
1 0.697218 0.302782
1 0.987411 0.0125892
1 0.784374 0.215626
1 0.525687 0.474313
1 0.876673 0.123327
1 0.801228 0.198772
1 0.774233 0.225767
1 0.786745 0.213255
1 0.635525 0.364475
1 0.634198 0.365802
1 0.830334 0.169666
0 0.277357 0.722643
1 0.985922 0.0140776
1 0.5 0.5
1 0.564584 0.435416
0 0.25133 0.74867
1 0.815125 0.184875
0 0.468299 0.531701
1 0.586262 0.413738
1 0.784864 0.215136
1 0.728279 0.271721
1 0.729586 0.270414
1 0.767737 0.232263
0 0.361514 0.638486
1 0.714519 0.285481
1 0.737742 0.262258
1 0.863687 0.136313
1 0.840972 0.159028
0 0.170981 0.829019
1 0.652561 0.347439
1 0.707387 0.292613
1 0.524025 0.475975
1 0.667329 0.332671
1 0.560217 0.439783
1 0.940212 0.0597879
0 0.444617 0.555383
1 0.929286 0.0707145
0 0.465131 0.534869
1 0.713914 0.286086
0 0.178408 0.821592
1 0.563731 0.436269
1 0.925335 0.0746653
1 0.96329 0.0367099
1 0.898493 0.101507
1 0.5 0.5
1 0.885738 0.114262
1 0.876242 0.123758
1 0.753037 0.246963
1 0.646322 0.353678
1 0.718528 0.281472
1 0.846804 0.153196
0 0.111586 0.888414
1 0.788437 0.211563
1 0.937669 0.0623312
1 0.837208 0.162792
1 0.836044 0.163956
1 0.709114 0.290886
1 0.698468 0.301532
1 0.938909 0.0610909
1 0.590221 0.409779
0 0.436935 0.563065
1 0.960422 0.0395784
1 0.885569 0.114431
1 0.956885 0.0431153
1 0.816788 0.183212
1 0.571743 0.428257
1 0.814403 0.185597
1 0.850762 0.149238
1 0.63582 0.36418
1 0.815229 0.184771
1 0.711018 0.288982
1 0.962326 0.0376743
1 0.820313 0.179687
1 0.765151 0.234849
1 0.65776 0.34224
1 0.536907 0.463093
1 0.763216 0.236784
1 0.850269 0.149731
1 0.873006 0.126994
1 0.702636 0.297364
0 0.386003 0.613997
1 0.920282 0.0797179
1 0.872674 0.127326
1 0.754327 0.245673
0 0.447114 0.552886
1 0.761969 0.238031
1 0.633654 0.366346
1 0.667257 0.332743
1 0.996768 0.00323244
0 0.171625 0.828375
1 0.796603 0.203397
1 0.626183 0.373817
1 0.847131 0.152869
1 0.979655 0.0203452
0 0.21727 0.78273
0 0.209407 0.790593
1 0.969993 0.0300071
1 0.950536 0.0494639
1 0.866262 0.133738
0 0.348408 0.651592
1 0.571078 0.428922
1 0.651879 0.348121
1 0.867798 0.132202
1 0.69422 0.30578
1 0.765412 0.234588
1 0.909864 0.090136
1 0.600993 0.399007
1 0.654361 0.345639
1 0.5 0.5
0 0.445021 0.554979
0 0.432255 0.567745
1 0.831507 0.168493
1 0.849449 0.150551
1 0.684511 0.315489
1 0.672232 0.327768
1 0.828951 0.171049
1 0.853707 0.146293
1 0.979061 0.0209388
0 0.286646 0.713354
1 0.807229 0.192771
1 0.869705 0.130295
1 0.610882 0.389118
1 0.691961 0.308039
0 0.315304 0.684696
1 0.757268 0.242732
1 0.637824 0.362176
1 0.754525 0.245475
1 0.613004 0.386996
1 0.667229 0.332771
1 0.873473 0.126527
1 0.738835 0.261165
1 0.730965 0.269035
1 0.904929 0.0950714
1 0.630757 0.369243
0 0.329639 0.670361
1 0.551082 0.448918
1 0.696089 0.303911
1 0.77408 0.22592
0 0.426675 0.573325
1 0.921906 0.0780944
1 0.959584 0.040416
1 0.719448 0.280552
1 0.733272 0.266728
1 0.850618 0.149382
1 0.710244 0.289756
1 0.693988 0.306012
1 0.727711 0.272289
1 0.703596 0.296404
1 0.821732 0.178268
1 0.802614 0.197386
1 0.807166 0.192834
1 0.534274 0.465726
1 0.925983 0.0740175
1 0.886475 0.113525
1 0.940053 0.0599468
1 0.834878 0.165122
1 0.791561 0.208439
1 0.723422 0.276578
1 0.800884 0.199116
1 0.938151 0.0618489
1 0.800324 0.199676
1 0.915893 0.0841071
1 0.839108 0.160892
0 0.372921 0.627079
1 0.759646 0.240354
1 0.724916 0.275084
1 0.751179 0.248821
1 0.95146 0.0485395
1 0.735445 0.264555
1 0.720232 0.279768
1 0.530355 0.469645
1 0.774133 0.225867
1 0.902411 0.097589
0 0.451712 0.548288
1 0.687589 0.312411
1 0.833983 0.166017
1 0.561938 0.438062
1 0.924618 0.0753816
1 0.670049 0.329951
0 0.135154 0.864846
1 0.763875 0.236125
1 0.85499 0.14501
1 0.895235 0.104765
1 0.512323 0.487677
1 0.781056 0.218944
0 0.464416 0.535584
1 0.655812 0.344188
1 0.73155 0.26845
1 0.920722 0.0792785
1 0.935741 0.0642593
1 0.980844 0.019156
1 0.923732 0.0762681
1 0.581798 0.418202
1 0.720567 0.279433
1 0.575115 0.424885
1 0.877661 0.122339
1 0.517555 0.482445
0 0.344172 0.655828
1 0.698372 0.301628
1 0.918714 0.0812858
1 0.5 0.5
1 0.562262 0.437738
1 0.537062 0.462938
1 0.955911 0.0440893
1 0.563842 0.436158
1 0.844457 0.155543
1 0.756849 0.243151
1 0.921715 0.0782854
1 0.827933 0.172067
1 0.818286 0.181714
1 0.731134 0.268866
1 0.780629 0.219371
1 0.859403 0.140597
1 0.917145 0.0828552
1 0.930505 0.0694952
1 0.814701 0.185299
1 0.612505 0.387495
1 0.819325 0.180675
1 0.945996 0.0540039
1 0.768313 0.231687
1 0.983717 0.016283
1 0.760403 0.239597
0 0.479063 0.520937
0 0.379434 0.620566
1 0.720957 0.279043
1 0.801133 0.198867
1 0.93691 0.0630898
1 0.658445 0.341555
1 0.692872 0.307128
1 0.918928 0.0810723
1 0.915456 0.0845438
1 0.836082 0.163918
1 0.962151 0.0378486
1 0.697393 0.302607
1 0.723273 0.276727
1 0.521465 0.478535
1 0.825488 0.174512
1 0.680933 0.319067
1 0.66116 0.33884
1 0.947208 0.0527919
1 0.752665 0.247335
1 0.670741 0.329259
1 0.846162 0.153838
1 0.623393 0.376607
1 0.626902 0.373098
1 0.665401 0.334599
1 0.780773 0.219227
0 0.36348 0.63652
1 0.937973 0.0620273
1 0.981762 0.0182377
1 0.851973 0.148027
1 0.802589 0.197411
1 0.718786 0.281214
1 0.866152 0.133848
1 0.846962 0.153038
1 0.832409 0.167591
1 0.969808 0.0301916
1 0.705895 0.294105
1 0.741982 0.258018
1 0.878109 0.121891
1 0.975725 0.024275
1 0.67172 0.32828
1 0.822671 0.177329
1 0.631507 0.368493
0 0.24074 0.75926
1 0.518243 0.481757
1 0.510973 0.489027
1 0.735279 0.264721
1 0.890296 0.109704
0 0.373543 0.626457
1 0.640302 0.359698
1 0.610146 0.389854
1 0.882077 0.117923
1 0.893955 0.106045
1 0.728713 0.271287
1 0.924664 0.0753362
1 0.838656 0.161344
1 0.804273 0.195727
1 0.681818 0.318182
1 0.564373 0.435627
1 0.531371 0.468629
1 0.771581 0.228419
1 0.843175 0.156825
1 0.530356 0.469644
1 0.922752 0.0772485
1 0.854708 0.145292
1 0.934453 0.0655472
1 0.903133 0.096867
1 0.88735 0.11265
1 0.609644 0.390356
1 0.70402 0.29598
1 0.791514 0.208486
1 0.736156 0.263844
1 0.841839 0.158161
1 0.888194 0.111806
1 0.832546 0.167454
0 0.441668 0.558332
1 0.886855 0.113145
1 0.722894 0.277106
0 0.376553 0.623447
1 0.934672 0.065328
1 0.768594 0.231406
1 0.726345 0.273655
1 0.844533 0.155467
0 0.426625 0.573375
1 0.641302 0.358698
1 0.88029 0.11971
1 0.5 0.5
1 0.769568 0.230432
1 0.849824 0.150176
1 0.937319 0.0626806
1 0.740887 0.259113
1 0.739665 0.260335
1 0.625866 0.374134
1 0.939312 0.0606881
1 0.822679 0.177321
1 0.712429 0.287571
1 0.774678 0.225322
1 0.743526 0.256474
1 0.81517 0.18483
1 0.621703 0.378297
1 0.719798 0.280202
1 0.610079 0.389921
1 0.767969 0.232031
1 0.871762 0.128238
1 0.851499 0.148501
1 0.858239 0.141761
0 0.439046 0.560954
1 0.644755 0.355245
1 0.877673 0.122327
1 0.943811 0.0561894
1 0.916307 0.0836927
0 0.391694 0.608306
1 0.912214 0.0877855
1 0.735161 0.264839
1 0.905602 0.0943975
1 0.862426 0.137574
1 0.575778 0.424222
1 0.995413 0.00458688
1 0.782307 0.217693
1 0.772154 0.227846
1 0.693668 0.306332
1 0.902223 0.0977772
1 0.87708 0.12292
1 0.547262 0.452738
1 0.890511 0.109489
1 0.859024 0.140976
1 0.822231 0.177769
1 0.712229 0.287771
1 0.769543 0.230457
1 0.723244 0.276756
1 0.909486 0.090514
1 0.726106 0.273894
1 0.843689 0.156311
1 0.690139 0.309861
1 0.626148 0.373852
1 0.854677 0.145323
1 0.657767 0.342233
1 0.861363 0.138637
1 0.927796 0.072204
1 0.866897 0.133103
1 0.756759 0.243241
1 0.533343 0.466657
1 0.785445 0.214555
1 0.851594 0.148406
1 0.644695 0.355305
1 0.94575 0.0542496
1 0.846311 0.153689
1 0.956142 0.0438578
1 0.747274 0.252726
1 0.704572 0.295428
0 0.138999 0.861001
1 0.975036 0.0249641
1 0.940286 0.0597137
1 0.660867 0.339133
1 0.860591 0.139409
1 0.567504 0.432496
0 0.429711 0.570289
0 0.392454 0.607546
1 0.595874 0.404126
1 0.906472 0.0935285
1 0.6081 0.3919
1 0.853739 0.146261
1 0.92202 0.0779804
1 0.791368 0.208632
1 0.691257 0.308743
1 0.563541 0.436459
1 0.915603 0.0843974
1 0.963754 0.0362463
1 0.695994 0.304006
1 0.845945 0.154055
1 0.913137 0.0868632
1 0.766457 0.233543
1 0.947522 0.0524781
1 0.898861 0.101139
1 0.769573 0.230427
1 0.886782 0.113218
1 0.854214 0.145786
1 0.714596 0.285404
1 0.523681 0.476319
1 0.957352 0.0426478
1 0.839512 0.160488
1 0.577241 0.422759
1 0.733581 0.266419
1 0.912587 0.0874128
1 0.726773 0.273227
1 0.576282 0.423718
1 0.904176 0.0958242
1 0.668954 0.331046
1 0.651556 0.348444
1 0.56368 0.43632
1 0.944815 0.0551849
1 0.67039 0.32961
0 0.425391 0.574609
1 0.671037 0.328963
1 0.933952 0.0660482
1 0.719014 0.280986
0 0.394658 0.605342
1 0.534347 0.465653
1 0.559542 0.440458
1 0.717511 0.282489
0 0.249064 0.750936
1 0.739655 0.260345
1 0.73163 0.26837
1 0.5 0.5
0 0.222154 0.777846
1 0.5 0.5
1 0.718873 0.281127
1 0.686203 0.313797
0 0.348415 0.651585
1 0.556833 0.443167
1 0.700227 0.299773
0 0.310515 0.689485
0 0.447933 0.552067
1 0.753473 0.246527
1 0.898437 0.101563
1 0.842337 0.157663
1 0.963085 0.0369151
0 0.489483 0.510517
1 0.804484 0.195516
1 0.957886 0.042114
1 0.904115 0.0958854
1 0.938939 0.061061
1 0.992149 0.00785132
1 0.859271 0.140729
0 0.42903 0.57097
1 0.666181 0.333819
0 0.471634 0.528366
1 0.716579 0.283421
1 0.91243 0.0875696
1 0.545092 0.454908
1 0.671465 0.328535
1 0.869081 0.130919
1 0.973344 0.0266555
1 0.50742 0.49258
1 0.719128 0.280872
0 0.288068 0.711932
1 0.706536 0.293464
1 0.871692 0.128308
1 0.756462 0.243538
0 0.327867 0.672133
1 0.948113 0.0518873
1 0.630514 0.369486
0 0.400903 0.599097
1 0.817234 0.182766
1 0.733026 0.266974
1 0.575031 0.424969
1 0.822419 0.177581
0 0.349706 0.650294
1 0.62135 0.37865
0 0.202987 0.797013
1 0.85443 0.14557
1 0.899043 0.100957
1 0.900945 0.0990555
0 0.409266 0.590734
1 0.706535 0.293465
0 0.375738 0.624262
1 0.781635 0.218365
1 0.791298 0.208702
1 0.992501 0.00749865
1 0.64134 0.35866
1 0.881179 0.118821
1 0.747784 0.252216
1 0.867144 0.132856
0 0.328812 0.671188
1 0.784234 0.215766
1 0.769373 0.230627
1 0.695687 0.304313
1 0.718779 0.281221
1 0.579326 0.420674
0 0.384353 0.615647
1 0.961201 0.0387994
1 0.938909 0.0610912
1 0.967908 0.0320915
1 0.747831 0.252169
1 0.858744 0.141256
1 0.5175 0.4825
1 0.536179 0.463821
1 0.736124 0.263876
1 0.894099 0.105901
1 0.816015 0.183985
1 0.802987 0.197013
1 0.854682 0.145318
1 0.935556 0.0644443
1 0.698294 0.301706
1 0.921328 0.078672
1 0.851612 0.148388
1 0.707434 0.292566
1 0.963302 0.0366983
1 0.782376 0.217624
1 0.798423 0.201577
1 0.896305 0.103695
1 0.796819 0.203181
1 0.901828 0.0981722
1 0.685866 0.314134
1 0.555327 0.444673
1 0.900197 0.0998033
1 0.693 0.307
1 0.973318 0.0266823
1 0.798206 0.201794
1 0.5 0.5
1 0.911168 0.0888324
1 0.548822 0.451178
1 0.951654 0.0483457
1 0.773322 0.226678
1 0.806459 0.193541
1 0.92993 0.0700702
1 0.884295 0.115705
1 0.967428 0.0325719
1 0.924306 0.0756945
1 0.960817 0.0391832
1 0.812282 0.187718
1 0.977101 0.022899
1 0.637773 0.362227
1 0.529203 0.470797
1 0.870694 0.129306
0 0.281246 0.718754
1 0.62068 0.37932
0 0.431692 0.568308
1 0.870086 0.129914
0 0.38994 0.61006
0 0.442574 0.557426
0 0.414359 0.585641
1 0.721736 0.278264
0 0.402819 0.597181
1 0.765511 0.234489
1 0.866116 0.133884
1 0.916915 0.0830854
1 0.615448 0.384552
1 0.939801 0.0601991
1 0.848653 0.151347
1 0.718517 0.281483
1 0.645051 0.354949
1 0.686937 0.313063
1 0.897816 0.102184
1 0.818071 0.181929
1 0.956046 0.0439537
1 0.765058 0.234942
0 0.443701 0.556299
0 0.470229 0.529771
1 0.645957 0.354043
1 0.742361 0.257639
1 0.778996 0.221004
1 0.815938 0.184062
1 0.601853 0.398147
1 0.85732 0.14268
0 0.119676 0.880324
1 0.577913 0.422087
1 0.69812 0.30188
1 0.677979 0.322021
1 0.516113 0.483887
1 0.831936 0.168064
1 0.819233 0.180767
1 0.625475 0.374525
1 0.554859 0.445141
1 0.598018 0.401982
1 0.6704 0.3296
1 0.843947 0.156053
1 0.832859 0.167141
1 0.917715 0.0822849
0 0.183635 0.816365
1 0.925954 0.0740465
1 0.671056 0.328944
1 0.7637 0.2363
0 0.440526 0.559474
1 0.622885 0.377115
1 0.516513 0.483487
1 0.829917 0.170083
1 0.955364 0.0446362
1 0.808488 0.191512
1 0.720988 0.279012
0 0.442618 0.557382
1 0.859688 0.140312
0 0.428196 0.571804
1 0.519598 0.480402
1 0.762014 0.237986
1 0.548083 0.451917
1 0.739078 0.260922
1 0.870755 0.129245
1 0.60046 0.39954
1 0.864993 0.135007
1 0.946534 0.0534659
1 0.747529 0.252471
1 0.947966 0.0520339
1 0.780568 0.219432
1 0.959741 0.0402589
1 0.618768 0.381232
0 0.16593 0.83407
1 0.757677 0.242323
1 0.694416 0.305584
1 0.577576 0.422424
1 0.703735 0.296265
1 0.927265 0.0727346
1 0.610135 0.389865
1 0.779109 0.220891
0 0.414182 0.585818
1 0.605384 0.394616
1 0.615551 0.384449
0 0.48294 0.51706
1 0.578932 0.421068
1 0.901595 0.0984046
1 0.691693 0.308307
1 0.870183 0.129817
1 0.949043 0.0509573
1 0.867614 0.132386
1 0.870322 0.129678
1 0.86772 0.13228
0 0.269659 0.730341
1 0.883372 0.116628
1 0.77416 0.22584
1 0.558649 0.441351
1 0.899688 0.100312
1 0.819801 0.180199
1 0.827965 0.172035
1 0.747271 0.252729
1 0.873272 0.126728
1 0.921733 0.0782672
1 0.903445 0.0965552
1 0.618774 0.381226
1 0.662214 0.337786
1 0.706711 0.293289
1 0.699958 0.300042
1 0.799118 0.200882
1 0.5908 0.4092
1 0.690108 0.309892
1 0.516153 0.483847
1 0.927333 0.072667
1 0.651612 0.348388
1 0.9034 0.0966003
1 0.962783 0.0372168
1 0.741562 0.258438
1 0.725723 0.274277
1 0.737891 0.262109
1 0.756498 0.243502
1 0.873199 0.126801
1 0.720084 0.279916
1 0.717986 0.282014
1 0.791678 0.208322
1 0.695951 0.304049
1 0.638708 0.361292
1 0.654732 0.345268
1 0.766118 0.233882
1 0.723761 0.276239
1 0.731193 0.268807
1 0.899733 0.100267
1 0.717539 0.282461
1 0.82313 0.17687
1 0.939061 0.0609394
1 0.9312 0.0688002
1 0.735654 0.264346
1 0.913454 0.0865455
1 0.939309 0.0606914
1 0.929749 0.0702512
1 0.669073 0.330927
1 0.601307 0.398693
1 0.601161 0.398839
1 0.867078 0.132922
1 0.782087 0.217913
1 0.73056 0.26944
1 0.652852 0.347148
1 0.845319 0.154681
1 0.736972 0.263028
1 0.774483 0.225517
0 0.271178 0.728822
1 0.562969 0.437031
1 0.584372 0.415628
1 0.830973 0.169027
0 0.313296 0.686704
1 0.833394 0.166606
1 0.715331 0.284669
1 0.664818 0.335182
1 0.905779 0.0942207
1 0.707162 0.292838
1 0.892155 0.107845
1 0.966307 0.0336926
1 0.73242 0.26758
1 0.847564 0.152436
1 0.885634 0.114366
1 0.73196 0.26804
1 0.987348 0.0126518
1 0.86422 0.13578
1 0.991111 0.00888853
1 0.752072 0.247928
1 0.721614 0.278386
1 0.830671 0.169329
1 0.611399 0.388601
0 0.36184 0.63816
1 0.634185 0.365815
1 0.954498 0.0455021
1 0.843381 0.156619
1 0.772704 0.227296
1 0.670923 0.329077
1 0.86406 0.13594
1 0.838585 0.161415
1 0.902646 0.0973541
0 0.30658 0.69342
1 0.567702 0.432298
1 0.5 0.5
1 0.75028 0.24972
0 0.21301 0.78699
0 0.370241 0.629759
1 0.545951 0.454049
1 0.784261 0.215739
1 0.838291 0.161709
1 0.68729 0.31271
1 0.956363 0.0436372
1 0.658175 0.341825
1 0.656417 0.343583
1 0.97461 0.0253899
1 0.735655 0.264345
0 0.153212 0.846788
0 0.242754 0.757246
1 0.829195 0.170805
1 0.937967 0.0620326
1 0.533472 0.466528
1 0.884889 0.115111
1 0.787836 0.212164
0 0.491469 0.508531
1 0.958063 0.0419367
1 0.982772 0.0172284
1 0.811054 0.188946
1 0.764303 0.235697
1 0.878317 0.121683
0 0.436184 0.563816
1 0.786717 0.213283
1 0.979807 0.0201928
1 0.789879 0.210121
1 0.903503 0.0964973
1 0.78069 0.21931
1 0.681453 0.318547
1 0.72012 0.27988
1 0.727973 0.272027
1 0.887959 0.112041
1 0.718184 0.281816
1 0.730147 0.269853
1 0.923506 0.0764935
1 0.942308 0.0576921
1 0.79984 0.20016
1 0.696999 0.303001
1 0.815624 0.184376
0 0.293736 0.706264
1 0.721824 0.278176
1 0.98317 0.0168296
1 0.889388 0.110612
1 0.695526 0.304474
1 0.686513 0.313487
1 0.623809 0.376191
1 0.681465 0.318535
0 0.214992 0.785008
1 0.940095 0.0599046
1 0.919997 0.0800029
1 0.781324 0.218676
1 0.566826 0.433174
1 0.738273 0.261727
1 0.618374 0.381626
1 0.881247 0.118753
0 0.313909 0.686091
1 0.585454 0.414546
1 0.71675 0.28325
1 0.767346 0.232654
1 0.805175 0.194825
1 0.906007 0.093993
1 0.53234 0.46766
1 0.874431 0.125569
1 0.840916 0.159084
1 0.716919 0.283081
0 0.488556 0.511444
1 0.770658 0.229342
1 0.960665 0.0393351
1 0.73314 0.26686
1 0.826206 0.173794
1 0.61938 0.38062
1 0.554581 0.445419
0 0.35663 0.64337
1 0.650157 0.349843
1 0.898853 0.101147
1 0.800548 0.199452
1 0.819046 0.180954
1 0.838507 0.161493
1 0.796989 0.203011
1 0.848321 0.151679
1 0.971644 0.028356
1 0.919657 0.0803426
0 0.491372 0.508628
1 0.699437 0.300563
1 0.766006 0.233994
0 0.29445 0.70555
1 0.652957 0.347043
1 0.960997 0.0390027
1 0.952085 0.0479153
1 0.885803 0.114197
1 0.742839 0.257161
1 0.851801 0.148199
0 0.280665 0.719335
1 0.569052 0.430948
0 0.353647 0.646353
1 0.729763 0.270237
0 0.124506 0.875494
1 0.798869 0.201131
1 0.648237 0.351763
0 0.12966 0.87034
1 0.813116 0.186884
1 0.697381 0.302619
1 0.91386 0.0861401
1 0.951618 0.0483823
1 0.948119 0.0518807
1 0.718997 0.281003
1 0.834444 0.165556
1 0.518116 0.481884
1 0.78186 0.21814
0 0.0844333 0.915567
0 0.450214 0.549786
1 0.731039 0.268961
1 0.841211 0.158789
1 0.878748 0.121252
1 0.72742 0.27258
1 0.721904 0.278096
1 0.74957 0.25043
1 0.537312 0.462688
1 0.555272 0.444728
1 0.960396 0.0396043
1 0.798019 0.201981
1 0.654182 0.345818
1 0.890801 0.109199
1 0.779199 0.220801
0 0.2707 0.7293
1 0.552542 0.447458
1 0.793202 0.206798
0 0.403425 0.596575
1 0.639372 0.360628
1 0.574687 0.425313
1 0.720051 0.279949
1 0.533602 0.466398
1 0.695054 0.304946
1 0.740924 0.259076
1 0.561 0.439
0 0.379763 0.620237
1 0.707368 0.292632
1 0.808576 0.191424
1 0.751626 0.248374
1 0.877681 0.122319
0 0.198081 0.801919
1 0.766435 0.233565
1 0.539481 0.460519
1 0.893118 0.106882
1 0.731262 0.268738
1 0.836315 0.163685
1 0.808395 0.191605
1 0.71053 0.28947
1 0.716826 0.283174
1 0.689026 0.310974
1 0.910837 0.0891633
1 0.747057 0.252943
1 0.9382 0.0618002
1 0.931604 0.0683956
0 0.321352 0.678648
1 0.864758 0.135242
1 0.962364 0.0376365
1 0.847711 0.152289
1 0.969966 0.0300343
1 0.626279 0.373721
0 0.0939753 0.906025
1 0.742094 0.257906
1 0.968575 0.0314248
1 0.878607 0.121393
1 0.65476 0.34524
1 0.802093 0.197907
1 0.925828 0.0741716
1 0.75367 0.24633
1 0.764131 0.235869
1 0.955319 0.0446807
1 0.708323 0.291677
0 0.185728 0.814272
1 0.824317 0.175683
1 0.719896 0.280104
1 0.624323 0.375677
1 0.735171 0.264829
0 0.398199 0.601801
1 0.709083 0.290917
1 0.745645 0.254355
1 0.95774 0.0422604
1 0.864724 0.135276
1 0.793152 0.206848
1 0.886707 0.113293
0 0.467166 0.532834
1 0.712275 0.287725
1 0.768857 0.231143
1 0.698379 0.301621
1 0.70419 0.29581
0 0.258032 0.741968
1 0.985345 0.0146551
1 0.890712 0.109288
1 0.587091 0.412909
1 0.731243 0.268757
1 0.638619 0.361381
1 0.853046 0.146954
1 0.644062 0.355938
1 0.871271 0.128729
0 0.399207 0.600793
1 0.885261 0.114739
0 0.248907 0.751093
1 0.961967 0.0380325
1 0.799679 0.200321
1 0.558027 0.441973
1 0.773754 0.226246
1 0.74216 0.25784
1 0.714158 0.285842
1 0.719804 0.280196
1 0.646746 0.353254
1 0.78374 0.21626
1 0.961598 0.0384016
1 0.964661 0.0353388
1 0.658455 0.341545
1 0.814259 0.185741
0 0.405843 0.594157
1 0.74702 0.25298
1 0.61956 0.38044
1 0.84359 0.15641
1 0.896819 0.103181
1 0.710772 0.289228
1 0.740177 0.259823
1 0.827147 0.172853
1 0.931937 0.0680631
1 0.821167 0.178833
1 0.965977 0.0340226
1 0.932426 0.067574
1 0.569961 0.430039
1 0.741594 0.258406
1 0.732739 0.267261
1 0.806064 0.193936
1 0.680446 0.319554
1 0.894002 0.105998
1 0.949954 0.0500457
1 0.8182 0.1818
1 0.858803 0.141197
0 0.233655 0.766345
1 0.731019 0.268981
0 0.462634 0.537366
1 0.638213 0.361787
0 0.37162 0.62838
0 0.0332164 0.966784
0 0.268905 0.731095
1 0.724881 0.275119
1 0.656112 0.343888
1 0.618571 0.381429
1 0.878786 0.121214
1 0.828549 0.171451
1 0.612841 0.387159
1 0.877911 0.122089
1 0.739785 0.260215
1 0.565232 0.434768
1 0.59855 0.40145
1 0.745809 0.254191
1 0.864174 0.135826
1 0.593431 0.406569
1 0.815892 0.184108
1 0.787443 0.212557
1 0.858209 0.141791
1 0.65295 0.34705
1 0.580868 0.419132
1 0.7962 0.2038
1 0.712986 0.287014
1 0.979 0.0209998
1 0.793714 0.206286
1 0.951349 0.0486511
1 0.790056 0.209944
1 0.795316 0.204684
1 0.780969 0.219031
1 0.968844 0.0311561
1 0.647094 0.352906
0 0.453365 0.546635
1 0.741598 0.258402
1 0.865595 0.134405
1 0.73868 0.26132
1 0.958199 0.0418007
0 0.153566 0.846434
1 0.73567 0.26433
1 0.997294 0.00270567
1 0.743002 0.256998
1 0.751547 0.248453
1 0.729201 0.270799
0 0.335009 0.664991
1 0.715496 0.284504
1 0.944818 0.0551822
0 0.422265 0.577735
1 0.817682 0.182318
1 0.843736 0.156264
1 0.870267 0.129733
0 0.276579 0.723421
1 0.813837 0.186163
1 0.900625 0.0993755
1 0.65098 0.34902
1 0.862941 0.137059
1 0.949226 0.0507737
1 0.752314 0.247686
1 0.712799 0.287201
1 0.749891 0.250109
1 0.895472 0.104528
0 0.466663 0.533337
1 0.742679 0.257321
1 0.976038 0.0239624
1 0.728099 0.271901
1 0.817634 0.182366
1 0.746516 0.253484
1 0.734032 0.265968
1 0.788525 0.211475
1 0.905603 0.0943967
1 0.83282 0.16718
1 0.90831 0.09169
1 0.950512 0.0494876
1 0.846057 0.153943
1 0.770693 0.229307
1 0.718683 0.281317
1 0.684267 0.315733
1 0.526887 0.473113
1 0.745304 0.254696
0 0.346293 0.653707
1 0.8884 0.1116
0 0.379586 0.620414
1 0.728162 0.271838
1 0.992635 0.00736482
1 0.943539 0.0564612
1 0.740552 0.259448
1 0.919643 0.0803566
1 0.978304 0.0216963
1 0.890849 0.109151
1 0.569072 0.430928
1 0.860097 0.139903
0 0.484183 0.515817
1 0.654352 0.345648
1 0.568624 0.431376
1 0.943593 0.0564069
1 0.744723 0.255277
1 0.92456 0.0754398
1 0.729663 0.270337
1 0.651412 0.348588
1 0.655202 0.344798
1 0.719699 0.280301
1 0.581663 0.418337
1 0.719637 0.280363
1 0.972583 0.0274169
1 0.522944 0.477056
1 0.65478 0.34522
0 0.440916 0.559084
1 0.572672 0.427328
1 0.808315 0.191685
0 0.474584 0.525416
0 0.466581 0.533419
1 0.688975 0.311025
1 0.631673 0.368327
1 0.591362 0.408638
1 0.55598 0.44402
1 0.726069 0.273931
1 0.596506 0.403494
1 0.730836 0.269164
1 0.834747 0.165253
1 0.73092 0.26908
0 0.261288 0.738712
0 0.117303 0.882697
1 0.679489 0.320511
1 0.719002 0.280998
1 0.919011 0.0809894
1 0.825322 0.174678
1 0.930457 0.069543
0 0.277319 0.722681
1 0.722323 0.277677
1 0.964689 0.0353106
1 0.686579 0.313421
1 0.722904 0.277096
1 0.5 0.5
1 0.6191 0.3809
1 0.84535 0.15465
1 0.736509 0.263491
1 0.71386 0.28614
1 0.722009 0.277991
1 0.699108 0.300892
1 0.82922 0.17078
1 0.735412 0.264588
1 0.812947 0.187053
0 0.119598 0.880402
1 0.533136 0.466864
1 0.748054 0.251946
1 0.822993 0.177007
1 0.703241 0.296759
1 0.967169 0.0328305
1 0.827096 0.172904
0 0.474301 0.525699
1 0.867521 0.132479
1 0.73065 0.26935
1 0.970956 0.0290437
1 0.768772 0.231228
1 0.639212 0.360788
1 0.769852 0.230148
1 0.730466 0.269534
1 0.718667 0.281333
1 0.833975 0.166025
1 0.770983 0.229017
1 0.596893 0.403107
0 0.203548 0.796452
0 0.353206 0.646794
1 0.781057 0.218943
1 0.63219 0.36781
0 0.248798 0.751202
1 0.529142 0.470858
1 0.508907 0.491093
0 0.135396 0.864604
1 0.625631 0.374369
1 0.763664 0.236336
0 0.241473 0.758527
1 0.735447 0.264553
1 0.725649 0.274351
1 0.707568 0.292432
1 0.751473 0.248527
1 0.58902 0.41098
1 0.724528 0.275472
1 0.517329 0.482671
1 0.678944 0.321056
1 0.635191 0.364809
1 0.892016 0.107984
1 0.6424 0.3576
1 0.866978 0.133022
1 0.843596 0.156404
1 0.681554 0.318446
0 0.478331 0.521669
0 0.135583 0.864417
1 0.795394 0.204606
1 0.737027 0.262973
0 0.459813 0.540187
1 0.996253 0.00374706
1 0.912895 0.0871047
0 0.336141 0.663859
1 0.781377 0.218623
0 0.335065 0.664935
0 0.451967 0.548033
1 0.762173 0.237827
1 0.881547 0.118453
1 0.583067 0.416933
1 0.840113 0.159887
1 0.90479 0.0952101
1 0.715398 0.284602
1 0.77796 0.22204
1 0.842073 0.157927
1 0.558369 0.441631
1 0.988973 0.0110274
1 0.61581 0.38419
1 0.775218 0.224782
1 0.70573 0.29427
1 0.804949 0.195051
1 0.822531 0.177469
1 0.845472 0.154528
1 0.659187 0.340813
1 0.807241 0.192759
0 0.152021 0.847979
1 0.627998 0.372002
1 0.771363 0.228637
1 0.529886 0.470114
1 0.907685 0.0923152
1 0.75922 0.24078
1 0.879533 0.120467
0 0.453049 0.546951
1 0.873575 0.126425
1 0.95054 0.0494597
1 0.70441 0.29559
1 0.640633 0.359367
1 0.827883 0.172117
1 0.603067 0.396933
1 0.848465 0.151535
1 0.933902 0.0660979
1 0.659066 0.340934
1 0.524388 0.475612
1 0.962009 0.0379909
1 0.830902 0.169098
1 0.566791 0.433209
1 0.95769 0.0423102
1 0.962218 0.0377819
1 0.739076 0.260924
0 0.340726 0.659274
1 0.946928 0.0530723
1 0.653156 0.346844
1 0.743352 0.256648
1 0.697991 0.302009
0 0.423577 0.576423
1 0.724399 0.275601
1 0.664643 0.335357
1 0.521533 0.478467
1 0.935136 0.0648644
1 0.972386 0.0276135
1 0.58752 0.41248
1 0.664577 0.335423
1 0.704916 0.295084
1 0.703272 0.296728
1 0.988456 0.0115436
1 0.8306 0.1694
1 0.74149 0.25851
1 0.71897 0.28103
1 0.71626 0.28374
1 0.71985 0.28015
1 0.619197 0.380803
1 0.731311 0.268689
1 0.921375 0.078625
1 0.959418 0.0405819
1 0.562122 0.437878
1 0.710403 0.289597
1 0.842788 0.157212
1 0.708998 0.291002
1 0.873608 0.126392
0 0.251142 0.748858
1 0.844731 0.155269
1 0.831395 0.168605
1 0.717015 0.282985
1 0.878243 0.121757
1 0.573788 0.426212
1 0.937303 0.062697
1 0.765891 0.234109
1 0.65291 0.34709
1 0.709429 0.290571
1 0.738181 0.261819
1 0.802655 0.197345
0 0.279896 0.720104
1 0.551926 0.448074
1 0.923729 0.0762708
1 0.807352 0.192648
1 0.876717 0.123283
1 0.903038 0.0969618
1 0.830083 0.169917
0 0.269968 0.730032
1 0.622332 0.377668
1 0.850648 0.149352
1 0.921293 0.0787065
1 0.573487 0.426513
1 0.800765 0.199235
1 0.793515 0.206485
1 0.775502 0.224498
1 0.619479 0.380521
1 0.840032 0.159968
1 0.770911 0.229089
1 0.600582 0.399418
1 0.723975 0.276025
0 0.487524 0.512476
0 0.470921 0.529079
1 0.890719 0.109281
0 0.369161 0.630839
1 0.964544 0.0354564
1 0.598229 0.401771
1 0.881792 0.118208
0 0.460582 0.539418
1 0.744422 0.255578
1 0.785851 0.214149
1 0.708581 0.291419
1 0.5848 0.4152
1 0.698397 0.301603
1 0.796934 0.203066
1 0.946803 0.0531974
1 0.5 0.5
1 0.765225 0.234775
1 0.697935 0.302065
1 0.666228 0.333772
1 0.91564 0.08436
1 0.873127 0.126873
1 0.512171 0.487829
1 0.879936 0.120064
1 0.573693 0.426307
1 0.5 0.5
1 0.873334 0.126666
1 0.754561 0.245439
0 0.469663 0.530337
1 0.902336 0.0976639
1 0.696131 0.303869
1 0.615198 0.384802
1 0.618773 0.381227
1 0.975491 0.0245089
1 0.632256 0.367744
1 0.508355 0.491645
1 0.813259 0.186741
1 0.78954 0.21046
1 0.751261 0.248739
1 0.880266 0.119734
1 0.78621 0.21379
1 0.963482 0.0365178
1 0.94517 0.0548304
1 0.790723 0.209277
1 0.885842 0.114158
1 0.919953 0.0800465
1 0.914888 0.0851124
1 0.911817 0.088183
0 0.408508 0.591492
1 0.835823 0.164177
1 0.775259 0.224741
1 0.566175 0.433825
1 0.755349 0.244651
1 0.772865 0.227135
1 0.916675 0.0833254
1 0.656334 0.343666
1 0.789587 0.210413
1 0.931807 0.0681928
1 0.890168 0.109832
1 0.924082 0.0759176
1 0.735769 0.264231
1 0.928377 0.0716234
1 0.878975 0.121025
1 0.85618 0.14382
1 0.899337 0.100663
0 0.272808 0.727192
1 0.926874 0.0731264
1 0.663466 0.336534
0 0.278414 0.721586
1 0.682135 0.317865
1 0.738403 0.261597
1 0.716434 0.283566
1 0.820432 0.179568
1 0.82604 0.17396
0 0.380951 0.619049
1 0.775789 0.224211
0 0.29876 0.70124
1 0.696879 0.303121
1 0.768248 0.231752
1 0.729009 0.270991
1 0.993821 0.00617923
1 0.664557 0.335443
1 0.669193 0.330807
1 0.953615 0.0463847
1 0.749044 0.250956
1 0.647044 0.352956
1 0.882272 0.117728
1 0.949986 0.0500137
0 0.464702 0.535298
1 0.888813 0.111187
1 0.859671 0.140329
1 0.5 0.5
1 0.772903 0.227097
1 0.682927 0.317073
1 0.613634 0.386366
1 0.844005 0.155995
1 0.693369 0.306631
1 0.635014 0.364986
1 0.508141 0.491859
1 0.706215 0.293785
1 0.519724 0.480276
1 0.570034 0.429966
0 0.473503 0.526497
0 0.288763 0.711237
1 0.80458 0.19542
0 0.484803 0.515197
1 0.539671 0.460329
0 0.102064 0.897936
0 0.0534808 0.946519
0 0.327374 0.672626
0 0.423704 0.576296
0 0.0333463 0.966654
1 0.912598 0.0874016
1 0.644464 0.355536
1 0.646246 0.353754
0 0.184761 0.815239
1 0.925367 0.0746332
0 0.417083 0.582917
0 0.0706351 0.929365
0 0.113677 0.886323
0 0.215747 0.784253
0 0.0518072 0.948193
0 0.373466 0.626534
0 0.0292483 0.970752
0 0.333307 0.666693
1 0.572131 0.427869
1 0.627493 0.372507
1 0.826688 0.173312
1 0.696503 0.303497
0 0.184197 0.815803
1 0.526434 0.473566
1 0.589904 0.410096
1 0.761374 0.238626
0 0.203752 0.796248
0 0.05451 0.94549
0 0.236856 0.763144
0 0.0970383 0.902962
0 0.31449 0.68551
0 0.157334 0.842666
1 0.80358 0.19642
0 0.369663 0.630337
0 0.240831 0.759169
0 0.103856 0.896144
0 0.221312 0.778688
0 0.204553 0.795447
0 0.224485 0.775515
1 0.762108 0.237892
0 0.471802 0.528198
1 0.593366 0.406634
1 0.698334 0.301666
0 0.234897 0.765103
1 0.671906 0.328094
0 0.0474476 0.952552
0 0.392185 0.607815
1 0.516616 0.483384
1 0.656868 0.343132
0 0.193038 0.806962
0 0.449786 0.550214
0 0.443036 0.556964
0 0.0420722 0.957928
0 0.246403 0.753597
1 0.966249 0.033751
0 0.198368 0.801632
0 0.14542 0.85458
0 0.0774771 0.922523
0 0.433198 0.566802
1 0.683627 0.316373
0 0.161895 0.838105
0 0.451588 0.548412
1 0.652225 0.347775
0 0.162076 0.837924
1 0.800255 0.199745
0 0.13545 0.86455
1 0.761542 0.238458
1 0.564955 0.435045
0 0.271678 0.728322
0 0.33838 0.66162
1 0.545881 0.454119
1 0.51583 0.48417
0 0.243132 0.756868
0 0.0117734 0.988227
0 0.395173 0.604827
0 0.409813 0.590187
0 0.158293 0.841707
0 0.37458 0.62542
0 0.11012 0.88988
1 0.560781 0.439219
1 0.706065 0.293935
1 0.6339 0.3661
1 0.698744 0.301256
1 0.751433 0.248567
0 0.291572 0.708428
1 0.801919 0.198081
0 0.106384 0.893616
1 0.691547 0.308453
0 0.150741 0.849259
1 0.903439 0.096561
0 0.366648 0.633352
1 0.594749 0.405251
1 0.71085 0.28915
1 0.677733 0.322267
1 0.535957 0.464043
0 0.46063 0.53937
0 0.446659 0.553341
1 0.555316 0.444684
0 0.0398818 0.960118
0 0.198892 0.801108
0 0.0922756 0.907724
1 0.620101 0.379899
0 0.274951 0.725049
0 0.167083 0.832917
0 0.0831444 0.916856
1 0.590635 0.409365
0 0.179907 0.820093
0 0.224265 0.775735
0 0.124419 0.875581
1 0.694369 0.305631
1 0.597682 0.402318
0 0.239991 0.760009
0 0.0244164 0.975584
1 0.723602 0.276398
1 0.664892 0.335108
0 0.19948 0.80052
0 0.124177 0.875823
1 0.581189 0.418811
0 0.306023 0.693977
0 0.178037 0.821963
0 0.0404728 0.959527
1 0.925131 0.0748691
1 0.666191 0.333809
0 0.332049 0.667951
1 0.696603 0.303397
0 0.0851023 0.914898
0 0.489176 0.510824
0 0.100686 0.899314
0 0.0798269 0.920173
0 0.385569 0.614431
0 0.208848 0.791152
1 0.5 0.5
1 0.516308 0.483692
0 0.454307 0.545693
1 0.686718 0.313282
1 0.508696 0.491304
0 0.159096 0.840904
0 0.257216 0.742784
1 0.5 0.5
0 0.457401 0.542599
0 0.461636 0.538364
0 0.244089 0.755911
0 0.058071 0.941929
1 0.701732 0.298268
0 0.0467566 0.953243
0 0.230544 0.769456
0 0.466073 0.533927
0 0.0334743 0.966526
1 0.584888 0.415112
0 0.0861124 0.913888
0 0.0707089 0.929291
0 0.488686 0.511314
0 0.448238 0.551762
0 0.456498 0.543502
0 0.0983087 0.901691
0 0.492359 0.507641
0 0.170724 0.829276
0 0.397315 0.602685
0 0.0635292 0.936471
0 0.444067 0.555933
1 0.518538 0.481462
0 0.0764688 0.923531
0 0.177669 0.822331
0 0.249511 0.750489
1 0.725909 0.274091
0 0.208911 0.791089
0 0.089828 0.910172
0 0.0976092 0.902391
0 0.243528 0.756472
1 0.769374 0.230626
0 0.479644 0.520356
1 0.719733 0.280267
0 0.28418 0.71582
0 0.129291 0.870709
1 0.682995 0.317005
0 0.160027 0.839973
0 0.374172 0.625828
1 0.626647 0.373353
0 0.094976 0.905024
1 0.699242 0.300758
1 0.594359 0.405641
0 0.24189 0.75811
0 0.374365 0.625635
1 0.886987 0.113013
1 0.85612 0.14388
0 0.39991 0.60009
0 0.250728 0.749272
0 0.218319 0.781681
0 0.126568 0.873432
1 0.71081 0.28919
0 0.42732 0.57268
0 0.2386 0.7614
0 0.192119 0.807881
1 0.575561 0.424439
0 0.334752 0.665248
0 0.123618 0.876382
1 0.576257 0.423743
1 0.506029 0.493971
1 0.672022 0.327978
0 0.403137 0.596863
0 0.494794 0.505206
1 0.531439 0.468561
1 0.553995 0.446005
1 0.754312 0.245688
1 0.766344 0.233656
0 0.376689 0.623311
0 0.295679 0.704321
1 0.867446 0.132554
0 0.371708 0.628292
0 0.18329 0.81671
0 0.0838892 0.916111
0 0.300944 0.699056
1 0.522227 0.477773
0 0.40945 0.59055
0 0.482361 0.517639
1 0.598025 0.401975
1 0.721001 0.278999
0 0.468857 0.531143
0 0.215376 0.784624
0 0.194766 0.805234
1 0.681905 0.318095
1 0.533963 0.466037
0 0.122182 0.877818
1 0.755411 0.244589
1 0.702519 0.297481
1 0.625017 0.374983
0 0.0195886 0.980411
1 0.619505 0.380495
0 0.164694 0.835306
0 0.0507485 0.949251
0 0.0703386 0.929661
0 0.232002 0.767998
1 0.73156 0.26844
1 0.666718 0.333282
1 0.896903 0.103097
0 0.0288117 0.971188
1 0.765829 0.234171
0 0.254412 0.745588
0 0.137725 0.862275
1 0.797556 0.202444
0 0.0442113 0.955789
0 0.166363 0.833637
1 0.650063 0.349937
0 0.343011 0.656989
0 0.401331 0.598669
1 0.581834 0.418166
0 0.445431 0.554569
1 0.71926 0.28074
1 0.67074 0.32926
1 0.546919 0.453081
1 0.553781 0.446219
0 0.103303 0.896697
0 0.195386 0.804614
0 0.118573 0.881427
1 0.717297 0.282703
0 0.253519 0.746481
1 0.53307 0.46693
0 0.229079 0.770921
0 0.221482 0.778518
1 0.694883 0.305117
1 0.601455 0.398545
0 0.0613693 0.938631
0 0.0683321 0.931668
1 0.599611 0.400389
1 0.642452 0.357548
0 0.127343 0.872657
1 0.870889 0.129111
0 0.105119 0.894881
0 0.17918 0.82082
0 0.447385 0.552615
0 0.0978841 0.902116
0 0.289343 0.710657
0 0.0665136 0.933486
0 0.282291 0.717709
0 0.245897 0.754103
0 0.232067 0.767933
1 0.5 0.5
0 0.142322 0.857678
0 0.140198 0.859802
0 0.29193 0.70807
1 0.681045 0.318955
0 0.314449 0.685551
0 0.378871 0.621129
0 0.494787 0.505213
0 0.0914891 0.908511
0 0.22257 0.77743
0 0.151098 0.848902
1 0.812866 0.187134
0 0.373671 0.626329
1 0.587176 0.412824
0 0.118213 0.881787
0 0.193094 0.806906
0 0.451876 0.548124
1 0.703535 0.296465
1 0.719386 0.280614
0 0.273831 0.726169
0 0.107453 0.892547
0 0.376019 0.623981
0 0.39382 0.60618
1 0.616328 0.383672
1 0.729158 0.270842
1 0.601726 0.398274
1 0.638146 0.361854
0 0.0513671 0.948633
0 0.0854367 0.914563
0 0.286948 0.713052
0 0.0831646 0.916835
1 0.615228 0.384772
0 0.343604 0.656396
0 0.0689762 0.931024
0 0.190935 0.809065
1 0.634212 0.365788
1 0.717586 0.282414
1 0.723247 0.276753
0 0.15416 0.84584
1 0.564845 0.435155
1 0.721402 0.278598
0 0.457786 0.542214
0 0.101198 0.898802
1 0.681674 0.318326
1 0.728686 0.271314
0 0.155106 0.844894
1 0.638564 0.361436
0 0.195449 0.804551
1 0.641092 0.358908
0 0.100411 0.899589
1 0.629354 0.370646
0 0.256459 0.743541
1 0.594122 0.405878
1 0.729956 0.270044
0 0.327293 0.672707
0 0.287007 0.712993
0 0.218026 0.781974
0 0.101802 0.898198
0 0.0442305 0.955769
0 0.456358 0.543642
0 0.165459 0.834541
0 0.0437647 0.956235
0 0.419331 0.580669
0 0.260021 0.739979
1 0.720013 0.279987
0 0.465522 0.534478
1 0.705244 0.294756
0 0.353436 0.646564
0 0.108031 0.891969
0 0.143547 0.856453
0 0.353864 0.646136
0 0.125018 0.874982
0 0.328996 0.671004
1 0.625307 0.374693
0 0.24256 0.75744
0 0.347524 0.652476
0 0.139466 0.860534
0 0.433941 0.566059
0 0.429294 0.570706
0 0.460487 0.539513
0 0.194079 0.805921
1 0.645549 0.354451
1 0.55134 0.44866
0 0.0618848 0.938115
0 0.40344 0.59656
0 0.0755162 0.924484
0 0.11625 0.88375
1 0.759339 0.240661
1 0.739965 0.260035
1 0.752983 0.247017
1 0.588108 0.411892
0 0.249233 0.750767
0 0.220983 0.779017
0 0.0996709 0.900329
1 0.688048 0.311952
1 0.854644 0.145356
0 0.369453 0.630547
0 0.0374285 0.962571
0 0.1287 0.8713
0 0.299484 0.700516
0 0.326054 0.673946
0 0.43789 0.56211
0 0.207446 0.792554
0 0.160835 0.839165
0 0.0942012 0.905799
0 0.218853 0.781147
0 0.493367 0.506633
0 0.262511 0.737489
0 0.349642 0.650358
0 0.466667 0.533333
0 0.251659 0.748341
0 0.43248 0.56752
0 0.174334 0.825666
0 0.385204 0.614796
0 0.292275 0.707725
0 0.204285 0.795715
1 0.527886 0.472114
0 0.300252 0.699748
1 0.586041 0.413959
1 0.752233 0.247767
1 0.557377 0.442623
1 0.533092 0.466908
0 0.263667 0.736333
0 0.381911 0.618089
1 0.808436 0.191564
0 0.177068 0.822932
0 0.263226 0.736774
0 0.13205 0.86795
1 0.5 0.5
1 0.620849 0.379151
0 0.174781 0.825219
0 0.0946661 0.905334
1 0.937125 0.0628754
0 0.0716323 0.928368
0 0.270979 0.729021
0 0.137641 0.862359
0 0.332761 0.667239
0 0.381996 0.618004
1 0.718769 0.281231
0 0.111045 0.888955
1 0.78764 0.21236
1 0.71405 0.28595
0 0.238368 0.761632
0 0.285952 0.714048
1 0.644589 0.355411
0 0.175585 0.824415
1 0.716031 0.283969
1 0.867713 0.132287
0 0.436904 0.563096
1 0.682972 0.317028
1 0.947393 0.0526072
0 0.248008 0.751992
0 0.177561 0.822439
0 0.143237 0.856763
0 0.10796 0.89204
1 0.697131 0.302869
1 0.715406 0.284594
1 0.559527 0.440473
1 0.715197 0.284803
0 0.0482734 0.951727
0 0.224006 0.775994
0 0.081275 0.918725
0 0.128922 0.871078
0 0.304138 0.695862
0 0.246496 0.753504
1 0.562795 0.437205
1 0.5 0.5
0 0.0789344 0.921066
1 0.697323 0.302677
0 0.470429 0.529571
1 0.649809 0.350191
0 0.492915 0.507085
0 0.15803 0.84197
1 0.718024 0.281976
1 0.671701 0.328299
0 0.0865599 0.91344
1 0.721775 0.278225
1 0.543615 0.456385
1 0.763554 0.236446
0 0.240853 0.759147
0 0.47973 0.52027
0 0.165495 0.834505
1 0.706927 0.293073
0 0.102709 0.897291
0 0.0924021 0.907598
0 0.131952 0.868048
0 0.05362 0.94638
0 0.34721 0.65279
0 0.429452 0.570548
0 0.0316648 0.968335
0 0.394757 0.605243
1 0.555494 0.444506
0 0.141219 0.858781
1 0.521817 0.478183
1 0.725273 0.274727
1 0.699984 0.300016
1 0.713093 0.286907
1 0.709663 0.290337
0 0.22451 0.77549
0 0.261994 0.738006
1 0.537173 0.462827
0 0.0990051 0.900995
0 0.370358 0.629642
0 0.336382 0.663618
1 0.668523 0.331477
1 0.707389 0.292611
0 0.23379 0.76621
0 0.492701 0.507299
1 0.583308 0.416692
0 0.401349 0.598651
1 0.571533 0.428467
0 0.163433 0.836567
0 0.291696 0.708304
0 0.101197 0.898803
0 0.0798295 0.920171
0 0.174778 0.825222
0 0.0534456 0.946554
0 0.358193 0.641807
0 0.404887 0.595113
0 0.334309 0.665691
1 0.704382 0.295618
1 0.560202 0.439798
1 0.785804 0.214196
1 0.690198 0.309802
0 0.406306 0.593694
0 0.163042 0.836958
0 0.109485 0.890515
1 0.779196 0.220804
0 0.300688 0.699312
1 0.650265 0.349735
0 0.270899 0.729101
1 0.677169 0.322831
0 0.486041 0.513959
0 0.11645 0.88355
1 0.637755 0.362245
0 0.0724609 0.927539
0 0.263547 0.736453
0 0.181459 0.818541
0 0.00753138 0.992469
0 0.341311 0.658689
1 0.523924 0.476076
0 0.0510988 0.948901
1 0.620734 0.379266
0 0.154131 0.845869
0 0.192883 0.807117
0 0.143145 0.856855
1 0.935833 0.0641669
0 0.452116 0.547884
0 0.0839974 0.916003
0 0.197642 0.802358
1 0.547963 0.452037
0 0.229762 0.770238
0 0.439459 0.560541
1 0.74738 0.25262
0 0.104587 0.895413
1 0.536364 0.463636
0 0.282165 0.717835
0 0.362994 0.637006
1 0.625183 0.374817
1 0.836998 0.163002
0 0.209592 0.790408
0 0.231951 0.768049
0 0.348866 0.651134
1 0.69008 0.30992
0 0.186766 0.813234
0 0.284504 0.715496
0 0.177041 0.822959
1 0.5 0.5
0 0.245052 0.754948
0 0.0628169 0.937183
0 0.193377 0.806623
0 0.24751 0.75249
0 0.212366 0.787634
1 0.702215 0.297785
1 0.691938 0.308062
1 0.720816 0.279184
0 0.336012 0.663988
0 0.208191 0.791809
0 0.103941 0.896059
1 0.533028 0.466972
0 0.17725 0.82275
0 0.346899 0.653101
0 0.302276 0.697724
1 0.653304 0.346696
0 0.251014 0.748986
1 0.549412 0.450588
1 0.71947 0.28053
0 0.143604 0.856396
1 0.687054 0.312946
1 0.740739 0.259261
0 0.104565 0.895435
0 0.0933645 0.906636
0 0.110468 0.889532
1 0.826934 0.173066
1 0.642478 0.357522
0 0.346207 0.653793
0 0.192421 0.807579
0 0.478718 0.521282
1 0.607282 0.392718
1 0.646356 0.353644
1 0.621416 0.378584
0 0.148264 0.851736
0 0.330149 0.669851
1 0.788978 0.211022
1 0.670684 0.329316
1 0.538564 0.461436
0 0.0423562 0.957644
0 0.30331 0.69669
0 0.412274 0.587726
1 0.608696 0.391304
0 0.170102 0.829898
0 0.465966 0.534034
1 0.617565 0.382435
0 0.486416 0.513584
0 0.262386 0.737614
0 0.0530189 0.946981
0 0.267393 0.732607
1 0.544936 0.455064
0 0.366821 0.633179
0 0.299418 0.700582
1 0.545262 0.454738
1 0.66513 0.33487
0 0.0917805 0.90822
1 0.5 0.5
0 0.424659 0.575341
0 0.0621206 0.937879
0 0.270589 0.729411
1 0.5 0.5
1 0.605759 0.394241
1 0.792375 0.207625
0 0.338222 0.661778
0 0.408917 0.591083
0 0.485581 0.514419
0 0.0853004 0.9147
1 0.710399 0.289601
1 0.52178 0.47822
1 0.650496 0.349504
1 0.728273 0.271727
0 0.392443 0.607557
0 0.0984222 0.901578
1 0.696966 0.303034
0 0.385821 0.614179
1 0.696408 0.303592
1 0.512458 0.487542
1 0.532759 0.467241
1 0.55232 0.44768
0 0.467805 0.532195
1 0.688985 0.311015
1 0.719331 0.280669
0 0.113734 0.886266
0 0.152661 0.847339
0 0.385543 0.614457
0 0.11003 0.88997
0 0.287773 0.712227
0 0.0463608 0.953639
0 0.385559 0.614441
0 0.24733 0.75267
1 0.530541 0.469459
0 0.455689 0.544311
0 0.201999 0.798001
0 0.485224 0.514776
0 0.458311 0.541689
0 0.223576 0.776424
0 0.160537 0.839463
1 0.632616 0.367384
0 0.27296 0.72704
1 0.721822 0.278178
0 0.400229 0.599771
0 0.434307 0.565693
1 0.689997 0.310003
0 0.0818188 0.918181
0 0.258649 0.741351
0 0.29126 0.70874
0 0.0980923 0.901908
0 0.378361 0.621639
1 0.584039 0.415961
0 0.156412 0.843588
1 0.788892 0.211108
0 0.296372 0.703628
1 0.55558 0.44442
0 0.100416 0.899584
0 0.279158 0.720842
1 0.57414 0.42586
1 0.536143 0.463857
1 0.709719 0.290281
1 0.725705 0.274295
1 0.587986 0.412014
0 0.0894985 0.910501
1 0.723997 0.276003
0 0.300056 0.699944
1 0.593884 0.406116
0 0.237246 0.762754
0 0.121198 0.878802
0 0.295278 0.704722
0 0.128279 0.871721
0 0.0428285 0.957171
0 0.150102 0.849898
1 0.5 0.5
0 0.283035 0.716965
0 0.0665317 0.933468
0 0.376843 0.623157
1 0.507113 0.492887
1 0.812399 0.187601
1 0.606619 0.393381
1 0.569268 0.430732
0 0.243617 0.756383
1 0.68063 0.31937
0 0.368737 0.631263
1 0.660811 0.339189
0 0.280361 0.719639
0 0.207256 0.792744
1 0.660682 0.339318
0 0.197631 0.802369
0 0.0380133 0.961987
0 0.460944 0.539056
0 0.131509 0.868491
0 0.260141 0.739859
0 0.491549 0.508451
0 0.364637 0.635363
0 0.0901968 0.909803
0 0.359771 0.640229
1 0.511132 0.488868
0 0.0876042 0.912396
0 0.35204 0.64796
0 0.488709 0.511291
0 0.224162 0.775838
0 0.472075 0.527925
1 0.607788 0.392212
0 0.189918 0.810082
0 0.378064 0.621936
0 0.249525 0.750475
1 0.644355 0.355645
0 0.310189 0.689811
1 0.642812 0.357188
1 0.621232 0.378768
0 0.473603 0.526397
0 0.212514 0.787486
1 0.598633 0.401367
0 0.44152 0.55848
1 0.635758 0.364242
0 0.233626 0.766374
0 0.157744 0.842256
1 0.653563 0.346437
1 0.613981 0.386019
0 0.0956931 0.904307
0 0.252941 0.747059
0 0.195415 0.804585
0 0.0464291 0.953571
1 0.5 0.5
1 0.646452 0.353548
0 0.0897669 0.910233
0 0.359636 0.640364
0 0.424867 0.575133
0 0.072276 0.927724
0 0.0428976 0.957102
0 0.418329 0.581671
0 0.36744 0.63256
0 0.135761 0.864239
0 0.0782725 0.921728
0 0.354151 0.645849
1 0.514705 0.485295
1 0.701489 0.298511
0 0.0989525 0.901048
0 0.228512 0.771488
1 0.642578 0.357422
0 0.0729115 0.927089
0 0.0938153 0.906185
1 0.633034 0.366966
0 0.0743403 0.92566
0 0.303399 0.696601
0 0.175643 0.824357
1 0.604352 0.395648
1 0.510685 0.489315
1 0.53378 0.46622
1 0.582192 0.417808
0 0.350878 0.649122
1 0.507158 0.492842
0 0.0633618 0.936638
0 0.477365 0.522635
0 0.205583 0.794417
0 0.028506 0.971494
0 0.0181103 0.98189
0 0.43423 0.56577
0 0.364787 0.635213
1 0.774679 0.225321
0 0.203212 0.796788
1 0.602781 0.397219
0 0.32131 0.67869
1 0.702087 0.297913
0 0.134892 0.865108
1 0.558377 0.441623
1 0.633355 0.366645
0 0.198846 0.801154
1 0.682385 0.317615
0 0.462721 0.537279
1 0.73939 0.26061
0 0.381535 0.618465
0 0.301741 0.698259
1 0.653347 0.346653
0 0.439218 0.560782
0 0.166691 0.833309
0 0.0590703 0.94093
1 0.547462 0.452538
1 0.550356 0.449644
0 0.337447 0.662553
0 0.318353 0.681647
1 0.671652 0.328348
0 0.428142 0.571858
0 0.225595 0.774405
1 0.593577 0.406423
1 0.576947 0.423053
1 0.905631 0.0943693
0 0.105388 0.894612
0 0.0832602 0.91674
0 0.2402 0.7598
1 0.5 0.5
0 0.145575 0.854425
0 0.243256 0.756744
0 0.319862 0.680138
0 0.176495 0.823505
0 0.189499 0.810501
0 0.221235 0.778765
0 0.33906 0.66094
1 0.557336 0.442664
1 0.712947 0.287053
0 0.105033 0.894967
0 0.361385 0.638615
1 0.78035 0.21965
1 0.713864 0.286136
0 0.0189374 0.981063
0 0.454093 0.545907
0 0.273213 0.726787
1 0.713466 0.286534
0 0.121093 0.878907
1 0.580546 0.419454
1 0.873422 0.126578
0 0.0714405 0.92856
1 0.719012 0.280988
1 0.682029 0.317971
0 0.0998891 0.900111
0 0.191438 0.808562
1 0.608496 0.391504
1 0.679773 0.320227
0 0.475433 0.524567
0 0.0932292 0.906771
0 0.125266 0.874734
1 0.5 0.5
0 0.302711 0.697289
0 0.26839 0.73161
1 0.536235 0.463765
0 0.366453 0.633547
0 0.464643 0.535357
1 0.620622 0.379378
1 0.713892 0.286108
0 0.388447 0.611553
0 0.0551859 0.944814
0 0.148822 0.851178
0 0.123634 0.876366
0 0.171259 0.828741
0 0.373129 0.626871
0 0.231519 0.768481
0 0.362663 0.637337
0 0.118487 0.881513
0 0.424614 0.575386
0 0.0762039 0.923796
0 0.29407 0.70593
1 0.740298 0.259702
1 0.534553 0.465447
0 0.480401 0.519599
0 0.472742 0.527258
0 0.170289 0.829711
0 0.0605917 0.939408
0 0.127406 0.872594
0 0.0915509 0.908449
0 0.371886 0.628114
0 0.0655205 0.93448
0 0.0579583 0.942042
0 0.10748 0.89252
0 0.068136 0.931864
0 0.290429 0.709571
0 0.117876 0.882124
0 0.401438 0.598562
0 0.342811 0.657189
0 0.051911 0.948089
1 0.637574 0.362426
0 0.12123 0.87877
1 0.594258 0.405742
0 0.131782 0.868218
1 0.61931 0.38069
0 0.137723 0.862277
1 0.588416 0.411584
0 0.191827 0.808173
1 0.544435 0.455565
0 0.309872 0.690128
1 0.718232 0.281768
1 0.672015 0.327985
0 0.393272 0.606728
1 0.601588 0.398412
0 0.115551 0.884449
1 0.729142 0.270858
0 0.428305 0.571695
0 0.132338 0.867662
1 0.546999 0.453001
1 0.7071 0.2929
0 0.35786 0.64214
1 0.576975 0.423025
1 0.632754 0.367246
0 0.0543342 0.945666
0 0.30875 0.69125
0 0.140175 0.859825
0 0.218537 0.781463
0 0.427569 0.572431
0 0.236027 0.763973
0 0.104174 0.895826
1 0.708061 0.291939
1 0.709452 0.290548
1 0.53976 0.46024
1 0.642483 0.357517
0 0.223977 0.776023
0 0.461536 0.538464
1 0.631448 0.368552
0 0.483681 0.516319
0 0.211989 0.788011
1 0.691353 0.308647
0 0.41827 0.58173
1 0.618232 0.381768
0 0.426594 0.573406
0 0.196078 0.803922
0 0.280933 0.719067
0 0.138398 0.861602
1 0.564858 0.435142
0 0.0732764 0.926724
1 0.710665 0.289335
1 0.692269 0.307731
0 0.00364536 0.996355
0 0.461319 0.538681
1 0.72424 0.27576
0 0.417547 0.582453
1 0.784703 0.215297
0 0.0699156 0.930084
1 0.529027 0.470973
0 0.116334 0.883666
0 0.336724 0.663276
0 0.119182 0.880818
0 0.275453 0.724547
1 0.689153 0.310847
1 0.789839 0.210161
1 0.660445 0.339555
0 0.0971158 0.902884
0 0.342103 0.657897
0 0.0281045 0.971895
0 0.140645 0.859355
0 0.228575 0.771425
0 0.0330162 0.966984
1 0.5 0.5
0 0.165119 0.834881
0 0.197072 0.802928
0 0.0307443 0.969256
0 0.236104 0.763896
0 0.0644705 0.93553
0 0.141463 0.858537
1 0.951254 0.0487459
1 0.666471 0.333529
1 0.719231 0.280769
1 0.588035 0.411965
0 0.07058 0.92942
0 0.161931 0.838069
0 0.236983 0.763017
1 0.743428 0.256572
0 0.184219 0.815781
1 0.605554 0.394446
1 0.668804 0.331196
0 0.486511 0.513489
0 0.0283434 0.971657
0 0.488997 0.511003
0 0.348777 0.651223
1 0.585711 0.414289
0 0.229778 0.770222
0 0.313979 0.686021
0 0.464729 0.535271
0 0.123389 0.876611
1 0.527682 0.472318
0 0.011839 0.988161
0 0.148302 0.851698
0 0.303619 0.696381
1 0.589743 0.410257
0 0.176668 0.823332
0 0.173053 0.826947
1 0.52743 0.47257
0 0.222789 0.777211
1 0.86906 0.13094
1 0.577728 0.422272
0 0.168 0.832
0 0.431052 0.568948
0 0.45179 0.54821
1 0.604666 0.395334
0 0.276721 0.723279
0 0.13706 0.86294
0 0.0699018 0.930098
0 0.261362 0.738638
0 0.473173 0.526827
0 0.411444 0.588556
0 0.344013 0.655987
0 0.366916 0.633084
1 0.534421 0.465579
0 0.146448 0.853552
1 0.719567 0.280433
0 0.308516 0.691484
0 0.0755559 0.924444
1 0.539314 0.460686
0 0.405726 0.594274
0 0.290592 0.709408
0 0.0630997 0.9369
1 0.597132 0.402868
0 0.0171035 0.982897
1 0.910889 0.0891111
0 0.122312 0.877688
0 0.0756375 0.924362
0 0.0752552 0.924745
0 0.0873504 0.91265
0 0.192626 0.807374
1 0.609705 0.390295
1 0.597088 0.402912
1 0.630599 0.369401
0 0.174196 0.825804
1 0.730782 0.269218
0 0.332751 0.667249
0 0.273525 0.726475
0 0.317991 0.682009
0 0.0756514 0.924349
1 0.716515 0.283485
0 0.36631 0.63369
1 0.573234 0.426766
0 0.371452 0.628548
0 0.13749 0.86251
1 0.584623 0.415377
0 0.227601 0.772399
0 0.419353 0.580647
0 0.483276 0.516724
1 0.517413 0.482587
0 0.322311 0.677689
0 0.301222 0.698778
0 0.158293 0.841707
0 0.253385 0.746615
0 0.406574 0.593426
0 0.165244 0.834756
1 0.715283 0.284717
0 0.263247 0.736753
0 0.103508 0.896492
0 0.129838 0.870162
0 0.356129 0.643871
0 0.459017 0.540983
1 0.803602 0.196398
0 0.198338 0.801662
0 0.311642 0.688358
0 0.232823 0.767177
1 0.723036 0.276964
0 0.314972 0.685028
1 0.662735 0.337265
1 0.83594 0.16406
0 0.321423 0.678577
0 0.375509 0.624491
1 0.655855 0.344145
0 0.339128 0.660872
1 0.681711 0.318289
1 0.734108 0.265892
1 0.600875 0.399125
0 0.0712912 0.928709
1 0.77816 0.22184
0 0.373403 0.626597
0 0.211361 0.788639
0 0.416797 0.583203
0 0.420103 0.579897
0 0.224268 0.775732
0 0.12174 0.87826
1 0.537 0.463
0 0.0426364 0.957364
1 0.833108 0.166892
0 0.254485 0.745515
0 0.0936153 0.906385
1 0.665556 0.334444
0 0.151543 0.848457
0 0.289007 0.710993
0 0.082676 0.917324
1 0.763223 0.236777
0 0.15399 0.84601
0 0.481275 0.518725
1 0.598344 0.401656
1 0.712512 0.287488
0 0.0442171 0.955783
0 0.472618 0.527382
0 0.438057 0.561943
0 0.479353 0.520647
0 0.0373934 0.962607
0 0.00936694 0.990633
0 0.308757 0.691243
0 0.0513907 0.948609
0 0.0611002 0.9389
0 0.209363 0.790637
0 0.374211 0.625789
0 0.35492 0.64508
0 0.167504 0.832496
0 0.316721 0.683279
0 0.0277046 0.972295
0 0.0842815 0.915719
1 0.625637 0.374363
0 0.377573 0.622427
1 0.607985 0.392015
0 0.121231 0.878769
0 0.356794 0.643206
0 0.18545 0.81455
0 0.205287 0.794713
0 0.284677 0.715323
0 0.297161 0.702839
0 0.333963 0.666037
1 0.533074 0.466926
0 0.268337 0.731663
1 0.514468 0.485532
0 0.35441 0.64559
0 0.451792 0.548208
1 0.626604 0.373396
0 0.175813 0.824187
0 0.0268973 0.973103
1 0.569735 0.430265
1 0.714637 0.285363
0 0.395142 0.604858
1 0.716106 0.283894
0 0.210554 0.789446
0 0.0525342 0.947466
1 0.663183 0.336817
1 0.87409 0.12591
1 0.509314 0.490686
1 0.794504 0.205496
0 0.0697727 0.930227
1 0.756621 0.243379
0 0.223058 0.776942
0 0.316632 0.683368
1 0.686843 0.313157
0 0.0534066 0.946593
0 0.127795 0.872205
0 0.239401 0.760599
0 0.369562 0.630438
0 0.354508 0.645492
0 0.48923 0.51077
1 0.71876 0.28124
0 0.164177 0.835823
1 0.66611 0.33389
0 0.0111349 0.988865
0 0.320622 0.679378
0 0.183822 0.816178
0 0.453345 0.546655
0 0.116854 0.883146
0 0.0364197 0.96358
1 0.600905 0.399095
1 0.5 0.5
1 0.698023 0.301977
1 0.745745 0.254255
0 0.414859 0.585141
0 0.350508 0.649492
0 0.0314316 0.968568
1 0.756693 0.243307
0 0.439014 0.560986
1 0.544712 0.455288
0 0.124568 0.875432
0 0.345064 0.654936
1 0.720672 0.279328
0 0.446881 0.553119
0 0.320406 0.679594
1 0.623895 0.376105
1 0.661757 0.338243
0 0.237809 0.762191
0 0.438711 0.561289
0 0.0729588 0.927041
1 0.66755 0.33245
0 0.00906829 0.990932
0 0.10405 0.89595
0 0.0391318 0.960868
1 0.601714 0.398286
1 0.72658 0.27342
0 0.125221 0.874779
0 0.0124359 0.987564
1 0.682817 0.317183
0 0.412257 0.587743
0 0.176823 0.823177
1 0.756138 0.243862
0 0.491695 0.508305
0 0.401467 0.598533
1 0.562703 0.437297
1 0.630021 0.369979
0 0.138124 0.861876
0 0.341246 0.658754
0 0.465131 0.534869
0 0.146638 0.853362
0 0.447554 0.552446
0 0.203508 0.796492
0 0.0596758 0.940324
1 0.71666 0.28334
1 0.740841 0.259159
0 0.392764 0.607236
0 0.0194312 0.980569
0 0.286219 0.713781
0 0.472322 0.527678
0 0.102801 0.897199
1 0.906841 0.0931586
1 0.646778 0.353222
0 0.287517 0.712483
0 0.0265396 0.97346
0 0.473539 0.526461
0 0.376732 0.623268
1 0.753559 0.246441
1 0.546884 0.453116
0 0.16048 0.83952
0 0.117622 0.882378
0 0.326126 0.673874
0 0.358907 0.641093
0 0.370193 0.629807
1 0.744248 0.255752
0 0.222549 0.777451
0 0.180027 0.819973
0 0.258072 0.741928
1 0.524503 0.475497
0 0.345367 0.654633
1 0.665977 0.334023
0 0.0684965 0.931504
1 0.895855 0.104145
0 0.281547 0.718453
0 0.0364137 0.963586
0 0.25699 0.74301
0 0.0412851 0.958715
0 0.32597 0.67403
0 0.0134557 0.986544
0 0.135297 0.864703
0 0.292548 0.707452
0 0.452845 0.547155
0 0.233002 0.766998
1 0.5 0.5
0 0.230049 0.769951
0 0.0304349 0.969565
0 0.479609 0.520391
0 0.0193711 0.980629
0 0.381265 0.618735
0 0.3507 0.6493
0 0.119498 0.880502
1 0.894456 0.105544
0 0.0184464 0.981554
0 0.47052 0.52948
1 0.681198 0.318802
0 0.465415 0.534585
0 0.134644 0.865356
0 0.313107 0.686893
0 0.0328945 0.967106
0 0.249357 0.750643
1 0.871455 0.128545
0 0.42774 0.57226
0 0.287995 0.712005
1 0.5 0.5
0 0.376488 0.623512
0 0.348914 0.651086
0 0.28276 0.71724
0 0.483173 0.516827
0 0.0356518 0.964348
0 0.191708 0.808292
1 0.703532 0.296468
0 0.239472 0.760528
0 0.0367251 0.963275
0 0.144242 0.855758
0 0.164638 0.835362
0 0.311701 0.688299
1 0.727097 0.272903
0 0.035609 0.964391
0 0.183254 0.816746
0 0.151129 0.848871
0 0.0418259 0.958174
0 0.459905 0.540095
0 0.193841 0.806159
1 0.838044 0.161956
0 0.0149705 0.98503
1 0.519523 0.480477
0 0.114253 0.885747
0 0.419012 0.580988
1 0.509953 0.490047
1 0.548408 0.451592
0 0.412847 0.587153
1 0.617668 0.382332
0 0.373864 0.626136
1 0.927781 0.0722189
0 0.163213 0.836787
1 0.603333 0.396667
1 0.563671 0.436329
0 0.0290457 0.970954
0 0.172899 0.827101
0 0.413838 0.586162
0 0.384338 0.615662
1 0.64337 0.35663
0 0.489988 0.510012
0 0.0755684 0.924432
0 0.210053 0.789947
0 0.0871095 0.912891
0 0.433904 0.566096
1 0.590598 0.409402
0 0.149567 0.850433
0 0.294609 0.705391
1 0.5 0.5
0 0.0591894 0.940811
0 0.0665482 0.933452
0 0.355047 0.644953
0 0.108651 0.891349
0 0.435305 0.564695
0 0.0904737 0.909526
0 0.0520289 0.947971
0 0.259306 0.740694
0 0.14454 0.85546
0 0.159333 0.840667
1 0.687315 0.312685
0 0.0595142 0.940486
1 0.617087 0.382913
0 0.326242 0.673758
1 0.511543 0.488457
0 0.0587975 0.941202
1 0.648618 0.351382
1 0.543165 0.456835
1 0.638017 0.361983
1 0.546938 0.453062
0 0.312697 0.687303
1 0.564269 0.435731
1 0.707024 0.292976
0 0.27371 0.72629
0 0.101427 0.898573
0 0.1351 0.8649
0 0.116019 0.883981
1 0.725585 0.274415
0 0.438709 0.561291
0 0.21065 0.78935
0 0.0704426 0.929557
0 0.308089 0.691911
0 0.435839 0.564161
0 0.405899 0.594101
0 0.347481 0.652519
1 0.670201 0.329799
0 0.107926 0.892074
0 0.446113 0.553887
0 0.232932 0.767068
0 0.200278 0.799722
0 0.343586 0.656414
0 0.119765 0.880235
0 0.424621 0.575379
0 0.275457 0.724543
1 0.678917 0.321083
1 0.677545 0.322455
0 0.36528 0.63472
1 0.536852 0.463148
0 0.3156 0.6844
1 0.713116 0.286884
1 0.672386 0.327614
0 0.391286 0.608714
1 0.584129 0.415871
1 0.509856 0.490144
0 0.417339 0.582661
1 0.551211 0.448789
1 0.524839 0.475161
1 0.762401 0.237599
0 0.194511 0.805489
1 0.5 0.5
0 0.14418 0.85582
0 0.450553 0.549447
0 0.410115 0.589885
0 0.279222 0.720778
1 0.766055 0.233945
0 0.340006 0.659994
0 0.15034 0.84966
1 0.5 0.5
0 0.245143 0.754857
1 0.542292 0.457708
1 0.682033 0.317967
1 0.710003 0.289997
0 0.355416 0.644584
1 0.722107 0.277893
1 0.745853 0.254147
0 0.0226595 0.97734
0 0.379424 0.620576
0 0.12022 0.87978
0 0.102708 0.897292
1 0.617239 0.382761
0 0.0879709 0.912029
1 0.704516 0.295484
0 0.123732 0.876268
0 0.213109 0.786891
0 0.223064 0.776936
0 0.250294 0.749706
1 0.881401 0.118599
0 0.165394 0.834606
0 0.0463065 0.953693
0 0.0382755 0.961725
1 0.608373 0.391627
0 0.175874 0.824126
0 0.0372447 0.962755
0 0.380588 0.619412
1 0.540696 0.459304
0 0.261043 0.738957
1 0.775848 0.224152
0 0.113487 0.886513
1 0.616652 0.383348
1 0.645893 0.354107
0 0.0613677 0.938632
0 0.0854858 0.914514
0 0.415195 0.584805
0 0.0984076 0.901592
0 0.321923 0.678077
0 0.117807 0.882193
1 0.707281 0.292719
1 0.507356 0.492644
0 0.39187 0.60813
1 0.516648 0.483352
0 0.0570793 0.942921
0 0.312662 0.687338
1 0.523084 0.476916
0 0.332932 0.667068
1 0.633368 0.366632
0 0.381081 0.618919
0 0.483017 0.516983
0 0.298175 0.701825
0 0.429907 0.570093
0 0.493294 0.506706
1 0.655533 0.344467
0 0.171839 0.828161
0 0.0978252 0.902175
0 0.247667 0.752333
0 0.412054 0.587946
0 0.164745 0.835255
0 0.196189 0.803811
0 0.06653 0.93347
0 0.0805906 0.919409
0 0.333182 0.666818
1 0.726729 0.273271
1 0.733161 0.266839
1 0.624443 0.375557
0 0.0863132 0.913687
1 0.687478 0.312522
0 0.44965 0.55035
1 0.5 0.5
0 0.451171 0.548829
0 0.0418844 0.958116
1 0.626231 0.373769
1 0.551601 0.448399
1 0.65223 0.34777
0 0.116586 0.883414
0 0.0876542 0.912346
0 0.286283 0.713717
0 0.27529 0.72471
0 0.0322939 0.967706
0 0.370378 0.629622
0 0.367289 0.632711
1 0.630263 0.369737
0 0.455259 0.544741
1 0.630433 0.369567
1 0.531924 0.468076
0 0.12184 0.87816
0 0.350261 0.649739
1 0.570576 0.429424
0 0.097218 0.902782
0 0.467163 0.532837
0 0.348757 0.651243
0 0.194396 0.805604
1 0.782504 0.217496
0 0.1508 0.8492
0 0.124136 0.875864
1 0.684448 0.315552
1 0.573091 0.426909
0 0.374208 0.625792
0 0.325037 0.674963
0 0.241222 0.758778
1 0.634218 0.365782
0 0.132293 0.867707
0 0.38877 0.61123
0 0.247601 0.752399
0 0.0434181 0.956582
0 0.125146 0.874854
0 0.431724 0.568276
0 0.476927 0.523073
0 0.0234574 0.976543
1 0.599719 0.400281
0 0.0542114 0.945789
1 0.699777 0.300223
1 0.689877 0.310123
1 0.739343 0.260657
1 0.820352 0.179648
0 0.0478567 0.952143
1 0.720379 0.279621
0 0.480311 0.519689
0 0.167529 0.832471
1 0.752973 0.247027
1 0.743221 0.256779
1 0.85194 0.14806
0 0.296482 0.703518
0 0.443566 0.556434
0 0.332262 0.667738
1 0.51304 0.48696
0 0.417219 0.582781
0 0.315375 0.684625
0 0.0627333 0.937267
1 0.942822 0.0571785
1 0.59696 0.40304
0 0.122353 0.877647
1 0.5 0.5
0 0.174982 0.825018
0 0.0229376 0.977062
1 0.683031 0.316969
1 0.710908 0.289092
1 0.683885 0.316115
1 0.699072 0.300928
0 0.275273 0.724727
0 0.139996 0.860004
1 0.718563 0.281437
0 0.124272 0.875728
1 0.663365 0.336635
0 0.365182 0.634818
