labels 0 1
0 0.908381 0.0916192
1 0.439776 0.560224
0 0.603571 0.396429
0 0.687508 0.312492
0 0.84406 0.15594
0 0.63935 0.36065
0 0.924863 0.0751369
0 0.915137 0.0848632
0 0.561694 0.438306
1 0.278463 0.721537
0 0.784319 0.215681
1 0.481793 0.518207
0 0.778207 0.221793
0 0.942131 0.0578693
0 0.647912 0.352088
1 0.4569 0.5431
0 0.757534 0.242466
0 0.973689 0.0263114
0 0.879722 0.120278
0 0.779397 0.220603
1 0.352592 0.647408
1 0.31893 0.68107
0 0.59318 0.40682
0 0.572593 0.427407
1 0.401042 0.598958
0 0.868418 0.131582
0 0.759563 0.240437
0 0.815642 0.184358
0 0.669506 0.330494
0 0.967165 0.0328353
1 0.373779 0.626221
0 0.936785 0.0632154
1 0.373416 0.626584
1 0.372462 0.627538
0 0.702455 0.297545
1 0.409733 0.590267
1 0.303749 0.696251
0 0.601142 0.398858
0 0.863838 0.136162
0 0.56868 0.43132
1 0.286783 0.713217
0 0.782798 0.217202
0 0.903313 0.0966871
0 0.914857 0.0851428
0 0.913478 0.086522
0 0.584952 0.415048
0 0.826076 0.173924
0 0.609454 0.390546
0 0.590581 0.409419
1 0.286211 0.713789
0 0.543674 0.456326
1 0.313981 0.686019
1 0.309784 0.690216
0 0.596465 0.403535
1 0.442792 0.557208
0 0.555576 0.444424
1 0.354452 0.645548
0 0.660226 0.339774
0 0.818694 0.181306
0 0.767743 0.232257
1 0.348774 0.651226
0 0.793384 0.206616
0 0.87206 0.12794
0 0.90318 0.0968203
0 0.922516 0.0774842
0 0.638971 0.361029
0 0.727656 0.272344
0 0.763237 0.236763
1 0.493999 0.506001
1 0.295329 0.704671
0 0.859621 0.140379
0 0.729168 0.270832
0 0.611046 0.388954
0 0.909927 0.0900728
1 0.269626 0.730374
0 0.797542 0.202458
1 0.326464 0.673536
1 0.305833 0.694167
0 0.757747 0.242253
0 0.5 0.5
0 0.915047 0.0849532
1 0.341524 0.658476
1 0.453722 0.546278
1 0.461172 0.538828
0 0.809412 0.190588
0 0.856197 0.143803
1 0.406041 0.593959
0 0.771458 0.228542
1 0.384194 0.615806
0 0.867026 0.132974
1 0.315972 0.684028
1 0.420506 0.579494
0 0.920246 0.0797541
1 0.395905 0.604095
1 0.322677 0.677323
1 0.279959 0.720041
0 0.752631 0.247369
1 0.33273 0.66727
1 0.313165 0.686835
0 0.877926 0.122074
0 0.707049 0.292951
0 0.682973 0.317027
0 0.521431 0.478569
1 0.470376 0.529624
1 0.3737 0.6263
1 0.467859 0.532141
0 0.713573 0.286427
0 0.557833 0.442167
0 0.90764 0.0923596
0 0.758177 0.241823
0 0.535199 0.464801
0 0.629447 0.370553
0 0.879336 0.120664
0 0.982421 0.0175785
1 0.474383 0.525617
0 0.908536 0.0914637
0 0.579869 0.420131
0 0.892378 0.107622
0 0.794607 0.205393
0 0.694918 0.305082
0 0.66102 0.33898
1 0.285642 0.714358
0 0.678217 0.321783
1 0.412462 0.587538
0 0.830513 0.169487
1 0.444882 0.555118
0 0.844581 0.155419
1 0.391864 0.608136
0 0.91899 0.0810103
0 0.636371 0.363629
0 0.702079 0.297921
0 0.806867 0.193133
1 0.486745 0.513255
0 0.780551 0.219449
0 0.906036 0.0939639
0 0.806128 0.193872
0 0.755321 0.244679
0 0.613439 0.386561
1 0.485606 0.514394
0 0.533825 0.466175
0 0.854348 0.145652
0 0.812721 0.187279
0 0.824143 0.175857
0 0.623736 0.376264
1 0.165226 0.834774
0 0.528986 0.471014
0 0.572247 0.427753
0 0.726585 0.273415
0 0.841676 0.158324
0 0.96636 0.0336401
0 0.799772 0.200228
0 0.735224 0.264776
0 0.681904 0.318096
0 0.820321 0.179679
0 0.929282 0.0707178
1 0.398441 0.601559
1 0.456495 0.543505
0 0.714583 0.285417
0 0.646424 0.353576
1 0.358491 0.641509
1 0.350948 0.649052
0 0.812412 0.187588
1 0.485292 0.514708
0 0.877268 0.122732
1 0.150791 0.849209
0 0.889073 0.110927
0 0.817786 0.182214
1 0.259087 0.740913
0 0.747541 0.252459
1 0.347429 0.652571
0 0.785064 0.214936
0 0.697359 0.302641
0 0.54031 0.45969
0 0.810244 0.189756
0 0.862182 0.137818
0 0.584567 0.415433
1 0.311626 0.688374
1 0.345221 0.654779
1 0.335408 0.664592
1 0.474074 0.525926
0 0.959357 0.0406428
1 0.366477 0.633523
0 0.562763 0.437237
1 0.458322 0.541678
1 0.36309 0.63691
1 0.289987 0.710013
0 0.50606 0.49394
1 0.488478 0.511522
1 0.463539 0.536461
1 0.361017 0.638983
1 0.494914 0.505086
0 0.839681 0.160319
0 0.607764 0.392236
0 0.715837 0.284163
0 0.516065 0.483935
0 0.815964 0.184036
0 0.965313 0.0346866
0 0.935685 0.0643149
0 0.708039 0.291961
1 0.433318 0.566682
0 0.954053 0.045947
0 0.716904 0.283096
0 0.584959 0.415041
0 0.519305 0.480695
0 0.93999 0.0600097
0 0.766068 0.233932
1 0.316984 0.683016
1 0.329321 0.670679
1 0.466423 0.533577
0 0.713832 0.286168
0 0.524412 0.475588
1 0.235549 0.764451
0 0.806488 0.193512
1 0.364008 0.635992
0 0.565753 0.434247
1 0.103994 0.896006
0 0.555305 0.444695
0 0.943651 0.0563488
1 0.370505 0.629495
1 0.336589 0.663411
0 0.704128 0.295872
0 0.625958 0.374042
0 0.959499 0.0405014
1 0.426296 0.573704
0 0.652379 0.347621
0 0.654341 0.345659
0 0.563157 0.436843
0 0.657394 0.342606
0 0.951619 0.0483811
0 0.824374 0.175626
0 0.736105 0.263895
0 0.810717 0.189283
0 0.588101 0.411899
0 0.745583 0.254417
1 0.210669 0.789331
1 0.492319 0.507681
0 0.901981 0.0980186
0 0.636764 0.363236
0 0.843417 0.156583
0 0.808359 0.191641
0 0.964371 0.035629
0 0.600403 0.399597
1 0.259183 0.740817
0 0.580198 0.419802
1 0.387319 0.612681
0 0.51773 0.48227
0 0.626721 0.373279
1 0.206276 0.793724
0 0.788997 0.211003
1 0.431832 0.568168
0 0.683772 0.316228
1 0.292379 0.707621
1 0.354137 0.645863
0 0.524171 0.475829
0 0.795901 0.204099
0 0.636014 0.363986
0 0.529144 0.470856
0 0.802271 0.197729
1 0.482682 0.517318
1 0.344814 0.655186
0 0.548284 0.451716
0 0.558504 0.441496
0 0.941757 0.0582428
0 0.883659 0.116341
0 0.833311 0.166689
0 0.929954 0.0700459
0 0.555304 0.444696
0 0.842055 0.157945
1 0.488959 0.511041
0 0.521642 0.478358
1 0.250526 0.749474
0 0.563913 0.436087
1 0.274339 0.725661
1 0.315254 0.684746
1 0.312894 0.687106
0 0.786846 0.213154
0 0.583678 0.416322
0 0.724592 0.275408
0 0.872754 0.127246
0 0.93495 0.0650504
1 0.443362 0.556638
0 0.527512 0.472488
0 0.742293 0.257707
0 0.894673 0.105327
0 0.732312 0.267688
1 0.40846 0.59154
0 0.584461 0.415539
0 0.58574 0.41426
0 0.953173 0.046827
0 0.611689 0.388311
0 0.766284 0.233716
0 0.80495 0.19505
0 0.910388 0.0896115
0 0.615952 0.384048
1 0.25799 0.74201
0 0.54815 0.45185
1 0.293625 0.706375
0 0.932756 0.0672442
1 0.399975 0.600025
0 0.685111 0.314889
0 0.627166 0.372834
0 0.737533 0.262467
0 0.712448 0.287552
0 0.533565 0.466435
1 0.385338 0.614662
0 0.770735 0.229265
1 0.252151 0.747849
0 0.575345 0.424655
0 0.962516 0.0374839
0 0.534547 0.465453
1 0.133556 0.866444
0 0.56518 0.43482
0 0.80752 0.19248
1 0.3439 0.6561
0 0.905608 0.0943916
0 0.963161 0.0368389
1 0.275777 0.724223
1 0.282856 0.717144
0 0.565509 0.434491
0 0.5984 0.4016
1 0.372791 0.627209
1 0.264379 0.735621
0 0.577839 0.422161
0 0.799341 0.200659
1 0.157492 0.842508
0 0.926492 0.0735084
0 0.83902 0.16098
0 0.817448 0.182552
0 0.773661 0.226339
0 0.812687 0.187313
0 0.917492 0.0825082
0 0.570595 0.429405
0 0.766703 0.233297
1 0.471629 0.528371
1 0.337912 0.662088
0 0.867476 0.132524
0 0.890402 0.109598
0 0.926225 0.0737752
0 0.836566 0.163434
1 0.351814 0.648186
0 0.510324 0.489676
0 0.747973 0.252027
0 0.778537 0.221463
0 0.82374 0.17626
0 0.844355 0.155645
1 0.183595 0.816405
1 0.369704 0.630296
1 0.253958 0.746042
0 0.840899 0.159101
1 0.46081 0.53919
1 0.313209 0.686791
0 0.865579 0.134421
1 0.243692 0.756308
1 0.299473 0.700527
0 0.983345 0.016655
0 0.797261 0.202739
0 0.580663 0.419337
0 0.93225 0.0677501
0 0.5 0.5
0 0.93781 0.0621903
0 0.578007 0.421993
0 0.747897 0.252103
0 0.614364 0.385636
0 0.963971 0.0360294
1 0.43922 0.56078
0 0.78945 0.21055
1 0.400823 0.599177
1 0.43125 0.56875
0 0.820448 0.179552
0 0.84681 0.15319
1 0.252818 0.747182
0 0.88811 0.11189
1 0.15104 0.84896
1 0.306469 0.693531
0 0.785608 0.214392
1 0.293097 0.706903
1 0.203141 0.796859
0 0.521651 0.478349
0 0.96126 0.0387403
1 0.177827 0.822173
1 0.260521 0.739479
1 0.337983 0.662017
1 0.23821 0.76179
1 0.310395 0.689605
1 0.438508 0.561492
1 0.0323519 0.967648
0 0.666561 0.333439
0 0.859205 0.140795
1 0.244457 0.755543
1 0.457489 0.542511
0 0.586801 0.413199
1 0.25441 0.74559
0 0.53725 0.46275
1 0.195249 0.804751
1 0.195863 0.804137
0 0.672555 0.327445
1 0.171489 0.828511
1 0.473348 0.526652
1 0.340362 0.659638
1 0.178667 0.821333
1 0.120335 0.879665
1 0.271549 0.728451
1 0.261906 0.738094
1 0.297178 0.702822
1 0.184729 0.815271
0 0.613771 0.386229
0 0.781404 0.218596
1 0.38079 0.61921
1 0.28176 0.71824
0 0.713123 0.286877
1 0.344256 0.655744
1 0.161471 0.838529
0 0.948527 0.0514728
1 0.412196 0.587804
0 0.714002 0.285998
1 0.226327 0.773673
1 0.294409 0.705591
1 0.322099 0.677901
1 0.139664 0.860336
1 0.286824 0.713176
1 0.266745 0.733255
1 0.421052 0.578948
1 0.385513 0.614487
1 0.204431 0.795569
1 0.158507 0.841493
1 0.205068 0.794932
1 0.289826 0.710174
0 0.5 0.5
1 0.446322 0.553678
1 0.118402 0.881598
1 0.111696 0.888304
1 0.252786 0.747214
1 0.189716 0.810284
1 0.205871 0.794129
1 0.373605 0.626395
1 0.168574 0.831426
0 0.608977 0.391023
1 0.411711 0.588289
1 0.355368 0.644632
1 0.298138 0.701862
1 0.356997 0.643003
1 0.215329 0.784671
1 0.341004 0.658996
1 0.280153 0.719847
1 0.261904 0.738096
0 0.635073 0.364927
1 0.0984681 0.901532
1 0.248975 0.751025
1 0.294443 0.705557
1 0.369371 0.630629
1 0.348844 0.651156
1 0.17894 0.82106
0 0.780608 0.219392
1 0.336908 0.663092
0 0.664792 0.335208
1 0.251381 0.748619
1 0.392849 0.607151
1 0.115392 0.884608
1 0.290374 0.709626
0 0.627814 0.372186
1 0.3146 0.6854
0 0.516788 0.483212
0 0.515225 0.484775
1 0.229033 0.770967
1 0.318369 0.681631
0 0.572654 0.427346
0 0.589661 0.410339
1 0.160914 0.839086
0 0.667314 0.332686
1 0.11222 0.88778
1 0.263779 0.736221
1 0.290173 0.709827
0 0.608518 0.391482
1 0.213983 0.786017
1 0.298018 0.701982
1 0.457766 0.542234
1 0.208631 0.791369
1 0.386426 0.613574
1 0.264874 0.735126
1 0.426766 0.573234
0 0.54654 0.45346
1 0.436954 0.563046
0 0.509205 0.490795
1 0.305438 0.694562
1 0.279797 0.720203
1 0.304635 0.695365
1 0.364763 0.635237
1 0.292375 0.707625
1 0.291936 0.708064
1 0.20421 0.79579
1 0.247199 0.752801
1 0.321001 0.678999
1 0.385804 0.614196
1 0.312499 0.687501
1 0.169457 0.830543
1 0.175598 0.824402
0 0.798782 0.201218
1 0.48216 0.51784
1 0.439208 0.560792
1 0.268298 0.731702
0 0.607055 0.392945
1 0.334039 0.665961
0 0.71689 0.28311
1 0.483804 0.516196
1 0.293332 0.706668
1 0.257862 0.742138
1 0.155607 0.844393
1 0.294191 0.705809
0 0.71237 0.28763
1 0.14804 0.85196
1 0.328991 0.671009
0 0.713772 0.286228
1 0.486394 0.513606
1 0.18829 0.81171
1 0.334107 0.665893
1 0.171397 0.828603
1 0.484794 0.515206
0 0.548662 0.451338
1 0.297444 0.702556
1 0.153273 0.846727
1 0.0508872 0.949113
1 0.473424 0.526576
1 0.370971 0.629029
0 0.739483 0.260517
0 0.951068 0.0489317
1 0.298204 0.701796
1 0.223917 0.776083
1 0.288666 0.711334
1 0.362432 0.637568
1 0.49108 0.50892
1 0.2186 0.7814
0 0.624116 0.375884
1 0.388691 0.611309
1 0.181996 0.818004
1 0.178264 0.821736
0 0.712153 0.287847
1 0.390851 0.609149
1 0.338196 0.661804
1 0.1161 0.8839
0 0.662056 0.337944
1 0.27091 0.72909
1 0.416979 0.583021
1 0.281347 0.718653
1 0.425047 0.574953
1 0.282667 0.717333
1 0.273624 0.726376
0 0.594135 0.405865
1 0.351356 0.648644
1 0.197115 0.802885
1 0.178346 0.821654
0 0.551865 0.448135
0 0.628474 0.371526
1 0.16524 0.83476
1 0.175404 0.824596
1 0.286343 0.713657
1 0.330446 0.669554
1 0.405297 0.594703
1 0.181088 0.818912
1 0.363519 0.636481
1 0.150509 0.849491
1 0.235837 0.764163
1 0.128846 0.871154
0 0.52807 0.47193
1 0.242582 0.757418
1 0.229939 0.770061
1 0.110498 0.889502
1 0.385529 0.614471
1 0.272147 0.727853
1 0.234295 0.765705
1 0.299209 0.700791
1 0.462274 0.537726
1 0.307587 0.692413
1 0.345583 0.654417
1 0.353161 0.646839
1 0.355809 0.644191
1 0.268613 0.731387
1 0.108773 0.891227
0 0.565579 0.434421
1 0.0624498 0.93755
1 0.137221 0.862779
1 0.35785 0.64215
1 0.373842 0.626158
1 0.0918958 0.908104
1 0.264197 0.735803
1 0.44138 0.55862
1 0.314596 0.685404
1 0.376241 0.623759
1 0.155098 0.844902
1 0.475445 0.524555
1 0.0902788 0.909721
1 0.395151 0.604849
1 0.164259 0.835741
0 0.506002 0.493998
1 0.23392 0.76608
1 0.101901 0.898099
1 0.274294 0.725706
0 0.730574 0.269426
1 0.303154 0.696846
1 0.255929 0.744071
1 0.250355 0.749645
1 0.0430276 0.956972
0 0.526387 0.473613
1 0.320391 0.679609
0 0.704811 0.295189
1 0.325515 0.674485
1 0.178365 0.821635
0 0.705906 0.294094
1 0.249585 0.750415
1 0.203767 0.796233
1 0.286467 0.713533
1 0.180836 0.819164
0 0.583382 0.416618
1 0.335382 0.664618
1 0.289616 0.710384
1 0.261718 0.738282
0 0.632945 0.367055
0 0.569706 0.430294
1 0.292929 0.707071
1 0.334387 0.665613
1 0.349422 0.650578
1 0.423318 0.576682
1 0.220199 0.779801
1 0.235147 0.764853
0 0.519727 0.480273
0 0.6456 0.3544
0 0.578262 0.421738
1 0.155884 0.844116
0 0.615854 0.384146
1 0.189947 0.810053
1 0.2942 0.7058
1 0.141746 0.858254
1 0.250182 0.749818
0 0.578305 0.421695
1 0.114897 0.885103
0 0.715374 0.284626
1 0.390678 0.609322
1 0.312735 0.687265
0 0.677729 0.322271
1 0.32708 0.67292
1 0.279084 0.720916
1 0.382505 0.617495
1 0.456193 0.543807
0 0.517708 0.482292
1 0.485584 0.514416
1 0.307748 0.692252
0 0.702305 0.297695
1 0.234621 0.765379
1 0.29077 0.70923
1 0.231227 0.768773
0 0.697035 0.302965
1 0.261354 0.738646
1 0.320539 0.679461
1 0.230915 0.769085
1 0.309382 0.690618
1 0.390051 0.609949
1 0.0483876 0.951612
1 0.26493 0.73507
1 0.298398 0.701602
0 0.566729 0.433271
1 0.103144 0.896856
1 0.290661 0.709339
1 0.343897 0.656103
1 0.268161 0.731839
1 0.471095 0.528905
0 0.637481 0.362519
0 0.572172 0.427828
1 0.218352 0.781648
1 0.205354 0.794646
1 0.332128 0.667872
1 0.168973 0.831027
1 0.346024 0.653976
1 0.079106 0.920894
1 0.349807 0.650193
1 0.326751 0.673249
1 0.230602 0.769398
0 0.522445 0.477555
0 0.891411 0.108589
1 0.330245 0.669755
1 0.104211 0.895789
1 0.258472 0.741528
1 0.159105 0.840895
1 0.23366 0.76634
1 0.426032 0.573968
1 0.38911 0.61089
1 0.374729 0.625271
1 0.123376 0.876624
0 0.551916 0.448084
0 0.559677 0.440323
1 0.476547 0.523453
1 0.180398 0.819602
1 0.410995 0.589005
1 0.351703 0.648297
1 0.397604 0.602396
1 0.46906 0.53094
1 0.272479 0.727521
1 0.300536 0.699464
1 0.216346 0.783654
0 0.681981 0.318019
1 0.436911 0.563089
1 0.18923 0.81077
1 0.178628 0.821372
1 0.195904 0.804096
1 0.395998 0.604002
1 0.465085 0.534915
0 0.520465 0.479535
1 0.161834 0.838166
0 0.622671 0.377329
1 0.19712 0.80288
0 0.625965 0.374035
1 0.249117 0.750883
1 0.472444 0.527556
1 0.284204 0.715796
1 0.192741 0.807259
1 0.137634 0.862366
1 0.118552 0.881448
1 0.117631 0.882369
1 0.390524 0.609476
0 0.563916 0.436084
1 0.134072 0.865928
1 0.260222 0.739778
0 0.554916 0.445084
1 0.253056 0.746944
1 0.298908 0.701092
1 0.380883 0.619117
1 0.199276 0.800724
1 0.316009 0.683991
1 0.269157 0.730843
1 0.143077 0.856923
1 0.24825 0.75175
1 0.274202 0.725798
1 0.156199 0.843801
0 0.576325 0.423675
1 0.0901836 0.909816
0 0.542995 0.457005
1 0.313562 0.686438
1 0.0495129 0.950487
1 0.216577 0.783423
1 0.225602 0.774398
0 0.5 0.5
1 0.447497 0.552503
0 0.56029 0.43971
1 0.399038 0.600962
1 0.330874 0.669126
1 0.279589 0.720411
1 0.208181 0.791819
1 0.293401 0.706599
1 0.315323 0.684677
1 0.301044 0.698956
1 0.41327 0.58673
0 0.571798 0.428202
