labels 0 1
0 0.775952 0.224048
1 0.244715 0.755285
0 0.54248 0.45752
0 0.746962 0.253038
0 0.766035 0.233965
1 0.477945 0.522055
0 0.889844 0.110156
0 0.82328 0.17672
1 0.414903 0.585097
1 0.409657 0.590343
0 0.656829 0.343171
1 0.275959 0.724041
0 0.561991 0.438009
0 0.950517 0.0494829
0 0.732051 0.267949
1 0.308845 0.691155
0 0.704192 0.295808
0 0.879835 0.120165
0 0.885797 0.114203
1 0.448642 0.551358
1 0.3522 0.6478
1 0.29106 0.70894
1 0.281222 0.718778
0 0.644714 0.355286
1 0.348934 0.651066
0 0.87129 0.12871
1 0.354961 0.645039
1 0.329076 0.670924
1 0.346005 0.653995
0 0.964202 0.0357981
1 0.384438 0.615562
0 0.948079 0.0519213
1 0.292465 0.707535
1 0.411467 0.588533
0 0.604273 0.395727
1 0.350064 0.649936
1 0.341346 0.658654
0 0.551096 0.448904
0 0.869773 0.130227
1 0.448277 0.551723
1 0.322632 0.677368
0 0.519454 0.480546
0 0.862587 0.137413
0 0.877033 0.122967
0 0.725534 0.274466
1 0.344258 0.655742
0 0.64167 0.35833
0 0.579985 0.420015
0 0.566578 0.433422
1 0.262748 0.737252
1 0.334263 0.665737
1 0.365997 0.634003
1 0.272173 0.727827
0 0.632116 0.367884
1 0.389251 0.610749
0 0.754055 0.245945
1 0.0820322 0.917968
0 0.580742 0.419258
0 0.636037 0.363963
0 0.884906 0.115094
1 0.238401 0.761599
0 0.724001 0.275999
0 0.610306 0.389694
0 0.929225 0.0707752
0 0.718063 0.281937
0 0.781043 0.218957
0 0.890273 0.109727
0 0.784382 0.215618
1 0.386636 0.613364
1 0.277408 0.722592
1 0.492528 0.507472
0 0.639255 0.360745
0 0.529499 0.470501
0 0.951675 0.0483248
1 0.198951 0.801049
1 0.407976 0.592024
1 0.394033 0.605967
1 0.233438 0.766562
0 0.730862 0.269138
1 0.444257 0.555743
1 0.424403 0.575597
1 0.287734 0.712266
1 0.353786 0.646214
1 0.301434 0.698566
0 0.634219 0.365781
0 0.718212 0.281788
1 0.10482 0.89518
0 0.808812 0.191188
1 0.353988 0.646012
0 0.662707 0.337293
1 0.309168 0.690832
0 0.513149 0.486851
0 0.826006 0.173994
1 0.346943 0.653057
1 0.236604 0.763396
1 0.242163 0.757837
0 0.904371 0.095629
1 0.455796 0.544204
1 0.241082 0.758918
0 0.798671 0.201329
0 0.612057 0.387943
0 0.532526 0.467474
1 0.378855 0.621145
1 0.479816 0.520184
1 0.455332 0.544668
0 0.658901 0.341099
0 0.561032 0.438968
1 0.426005 0.573995
0 0.814334 0.185666
0 0.659787 0.340213
1 0.446246 0.553754
0 0.739697 0.260303
0 0.814141 0.185859
0 0.937881 0.0621191
0 0.513149 0.486851
0 0.869773 0.130227
0 0.505209 0.494791
0 0.652064 0.347936
0 0.796218 0.203782
0 0.571283 0.428717
0 0.651204 0.348796
1 0.160299 0.839701
0 0.649505 0.350495
1 0.396012 0.603988
0 0.743299 0.256701
1 0.318169 0.681831
0 0.838852 0.161148
1 0.300243 0.699757
0 0.866934 0.133066
0 0.508478 0.491522
0 0.772758 0.227242
0 0.667451 0.332549
1 0.372326 0.627674
0 0.827382 0.172618
0 0.795584 0.204416
0 0.630724 0.369276
0 0.778214 0.221786
1 0.211099 0.788901
1 0.345592 0.654408
1 0.335585 0.664415
0 0.632225 0.367775
0 0.645397 0.354603
0 0.658123 0.341877
0 0.507722 0.492278
1 0.309301 0.690699
1 0.434641 0.565359
1 0.467697 0.532303
1 0.483013 0.516987
0 0.762831 0.237169
0 0.865191 0.134809
0 0.540535 0.459465
0 0.609339 0.390661
0 0.628894 0.371106
0 0.861852 0.138148
0 0.770325 0.229675
1 0.392423 0.607577
0 0.740917 0.259083
0 0.723961 0.276039
1 0.33001 0.66999
1 0.353962 0.646038
1 0.453342 0.546658
1 0.483293 0.516707
1 0.31358 0.68642
0 0.879376 0.120624
1 0.132638 0.867362
0 0.759061 0.240939
0 0.612316 0.387684
1 0.436848 0.563152
0 0.638641 0.361359
1 0.423648 0.576352
0 0.777894 0.222106
0 0.506493 0.493507
0 0.563557 0.436443
0 0.636363 0.363637
0 0.898567 0.101433
0 0.534409 0.465591
1 0.397878 0.602122
1 0.244611 0.755389
1 0.326683 0.673317
1 0.48417 0.51583
0 0.836167 0.163833
1 0.305405 0.694595
1 0.421073 0.578927
0 0.55667 0.44333
1 0.455892 0.544108
1 0.25945 0.74055
1 0.258328 0.741672
1 0.297403 0.702597
1 0.302475 0.697525
0 0.594772 0.405228
1 0.315509 0.684491
0 0.852257 0.147743
0 0.683798 0.316202
0 0.548053 0.451947
0 0.553213 0.446787
0 0.708391 0.291609
0 0.934205 0.0657945
0 0.691639 0.308361
0 0.621058 0.378942
1 0.376163 0.623837
0 0.87048 0.12952
0 0.718209 0.281791
0 0.635174 0.364826
1 0.238313 0.761687
0 0.895203 0.104797
0 0.621431 0.378569
1 0.317642 0.682358
1 0.312407 0.687593
1 0.423358 0.576642
0 0.538556 0.461444
0 0.600233 0.399767
1 0.259881 0.740119
0 0.880734 0.119266
1 0.343195 0.656805
0 0.729327 0.270673
1 0.0552018 0.944798
0 0.679824 0.320176
0 0.861345 0.138655
1 0.269244 0.730756
1 0.149815 0.850185
0 0.76243 0.23757
1 0.436682 0.563318
0 0.735802 0.264198
0 0.514669 0.485331
1 0.359092 0.640908
0 0.540835 0.459165
0 0.635634 0.364366
1 0.480711 0.519289
0 0.801542 0.198458
0 0.712254 0.287746
0 0.668315 0.331685
0 0.565399 0.434601
0 0.505188 0.494812
0 0.739376 0.260624
1 0.22427 0.77573
1 0.364649 0.635351
0 0.881768 0.118232
0 0.640517 0.359483
0 0.744252 0.255748
0 0.762249 0.237751
0 0.858657 0.141343
0 0.6356 0.3644
1 0.183954 0.816046
0 0.522312 0.477688
1 0.249401 0.750599
1 0.144278 0.855722
0 0.542615 0.457385
1 0.114837 0.885163
0 0.777215 0.222785
1 0.360487 0.639513
1 0.493229 0.506771
1 0.141488 0.858512
1 0.365645 0.634355
1 0.475545 0.524455
0 0.509135 0.490865
1 0.49012 0.50988
0 0.559358 0.440642
0 0.736888 0.263112
1 0.305511 0.694489
1 0.350085 0.649915
0 0.556698 0.443302
1 0.34457 0.65543
0 0.928435 0.071565
0 0.68233 0.31767
0 0.783674 0.216326
0 0.915409 0.0845913
1 0.445857 0.554143
0 0.610607 0.389393
0 0.66407 0.33593
0 0.768348 0.231652
1 0.243026 0.756974
1 0.246654 0.753346
1 0.268073 0.731927
1 0.343011 0.656989
1 0.270624 0.729376
0 0.930945 0.0690545
1 0.219991 0.780009
0 0.5 0.5
0 0.794236 0.205764
0 0.665525 0.334475
0 0.5 0.5
0 0.522482 0.477518
0 0.624555 0.375445
1 0.436199 0.563801
1 0.477291 0.522709
1 0.353989 0.646011
0 0.537487 0.462513
1 0.374093 0.625907
0 0.810311 0.189689
0 0.623482 0.376518
1 0.475701 0.524299
0 0.756753 0.243247
0 0.837387 0.162613
1 0.4243 0.5757
1 0.340981 0.659019
1 0.199196 0.800804
1 0.264772 0.735228
0 0.587813 0.412187
1 0.479845 0.520155
0 0.818002 0.181998
0 0.586811 0.413189
0 0.799123 0.200877
1 0.429497 0.570503
1 0.218594 0.781406
1 0.40065 0.59935
0 0.570146 0.429854
1 0.223351 0.776649
0 0.844952 0.155048
0 0.786797 0.213203
1 0.333335 0.666665
1 0.14497 0.85503
1 0.340744 0.659256
0 0.695876 0.304124
1 0.269032 0.730968
0 0.873175 0.126825
0 0.897908 0.102092
1 0.169116 0.830884
1 0.297992 0.702008
0 0.833846 0.166154
0 0.525065 0.474935
0 0.5 0.5
1 0.206814 0.793186
1 0.484346 0.515654
0 0.820209 0.179791
1 0.320449 0.679551
0 0.855001 0.144999
0 0.791324 0.208676
0 0.805744 0.194256
0 0.57107 0.42893
0 0.50814 0.49186
0 0.869117 0.130883
1 0.329486 0.670514
1 0.43234 0.56766
1 0.231535 0.768465
1 0.268709 0.731291
0 0.874161 0.125839
0 0.824285 0.175715
0 0.813535 0.186465
0 0.829968 0.170032
1 0.414799 0.585201
1 0.490113 0.509887
0 0.51321 0.48679
0 0.537577 0.462423
0 0.813152 0.186848
1 0.463464 0.536536
1 0.463557 0.536443
1 0.393256 0.606744
1 0.306451 0.693549
0 0.533043 0.466957
1 0.317479 0.682521
1 0.257146 0.742854
0 0.580895 0.419105
1 0.19323 0.80677
1 0.29267 0.70733
0 0.947728 0.0522723
0 0.848055 0.151945
1 0.426016 0.573984
0 0.581856 0.418144
0 0.506659 0.493341
0 0.819853 0.180147
0 0.518887 0.481113
0 0.79895 0.20105
0 0.521185 0.478815
0 0.697597 0.302403
0 0.678806 0.321194
1 0.480101 0.519899
1 0.272025 0.727975
1 0.328356 0.671644
0 0.649236 0.350764
0 0.669874 0.330126
1 0.244454 0.755546
0 0.765379 0.234621
1 0.316721 0.683279
1 0.318698 0.681302
0 0.815295 0.184705
1 0.192239 0.807761
1 0.209016 0.790984
0 0.531283 0.468717
0 0.885552 0.114448
1 0.237114 0.762886
1 0.0660278 0.933972
1 0.330658 0.669342
1 0.0858089 0.914191
1 0.220927 0.779073
1 0.410557 0.589443
1 0.0947704 0.90523
1 0.396675 0.603325
0 0.607184 0.392816
1 0.115759 0.884241
1 0.335369 0.664631
1 0.387243 0.612757
1 0.266147 0.733853
1 0.356418 0.643582
1 0.24534 0.75466
1 0.231338 0.768662
0 0.614039 0.385961
1 0.161575 0.838425
0 0.824971 0.175029
1 0.269102 0.730898
1 0.116354 0.883646
1 0.0474392 0.952561
1 0.129245 0.870755
1 0.139574 0.860426
1 0.317012 0.682988
1 0.275017 0.724983
1 0.308996 0.691004
0 0.654313 0.345687
0 0.528466 0.471534
1 0.241114 0.758886
0 0.586263 0.413737
1 0.358702 0.641298
1 0.127724 0.872276
0 0.851735 0.148265
1 0.375022 0.624978
1 0.481118 0.518882
1 0.212496 0.787504
1 0.246794 0.753206
1 0.308975 0.691025
1 0.352162 0.647838
1 0.250096 0.749904
1 0.237317 0.762683
1 0.460592 0.539408
1 0.450032 0.549968
1 0.168347 0.831653
1 0.0793894 0.920611
1 0.194598 0.805402
1 0.276202 0.723798
1 0.474397 0.525603
1 0.387544 0.612456
1 0.0892399 0.91076
1 0.0212291 0.978771
1 0.179439 0.820561
1 0.131659 0.868341
1 0.16018 0.83982
1 0.26471 0.73529
1 0.112798 0.887202
1 0.458571 0.541429
1 0.388336 0.611664
1 0.259374 0.740626
1 0.270059 0.729941
1 0.25649 0.74351
1 0.0621403 0.93786
1 0.391238 0.608762
1 0.200711 0.799289
1 0.15722 0.84278
0 0.781375 0.218625
1 0.0643205 0.935679
1 0.148315 0.851685
1 0.269629 0.730371
0 0.618935 0.381065
1 0.290723 0.709277
1 0.203917 0.796083
1 0.439867 0.560133
1 0.374461 0.625539
1 0.371779 0.628221
1 0.125473 0.874527
1 0.309125 0.690875
1 0.143595 0.856405
1 0.254107 0.745893
1 0.338193 0.661807
1 0.329369 0.670631
1 0.313757 0.686243
1 0.399814 0.600186
1 0.169173 0.830827
1 0.333793 0.666207
1 0.355357 0.644643
0 0.552173 0.447827
1 0.220123 0.779877
0 0.629004 0.370996
1 0.0586294 0.941371
1 0.325252 0.674748
1 0.271594 0.728406
1 0.345624 0.654376
1 0.183218 0.816782
1 0.268076 0.731924
1 0.453688 0.546312
1 0.277188 0.722812
1 0.193718 0.806282
1 0.23547 0.76453
1 0.288776 0.711224
1 0.426673 0.573327
1 0.242947 0.757053
1 0.424675 0.575325
1 0.376885 0.623115
1 0.122665 0.877335
1 0.302806 0.697194
1 0.268053 0.731947
1 0.249732 0.750268
1 0.163891 0.836109
1 0.241574 0.758426
1 0.125142 0.874858
1 0.258228 0.741772
1 0.352743 0.647257
1 0.354341 0.645659
1 0.15233 0.84767
1 0.0415739 0.958426
0 0.773265 0.226735
1 0.313924 0.686076
0 0.5 0.5
1 0.197267 0.802733
1 0.281241 0.718759
1 0.261004 0.738996
0 0.727612 0.272388
1 0.272907 0.727093
1 0.322276 0.677724
1 0.206148 0.793852
1 0.18222 0.81778
1 0.475956 0.524044
1 0.368183 0.631817
1 0.0966746 0.903325
1 0.190902 0.809098
1 0.334961 0.665039
1 0.37829 0.62171
1 0.113636 0.886364
1 0.269515 0.730485
1 0.257953 0.742047
1 0.441361 0.558639
0 0.518224 0.481776
1 0.205412 0.794588
1 0.237629 0.762371
1 0.0701356 0.929864
1 0.363551 0.636449
1 0.406424 0.593576
0 0.603177 0.396823
0 0.762522 0.237478
1 0.306365 0.693635
1 0.191703 0.808297
1 0.235145 0.764855
1 0.403819 0.596181
0 0.652845 0.347155
1 0.215013 0.784987
0 0.701061 0.298939
1 0.388301 0.611699
1 0.305029 0.694971
1 0.102921 0.897079
1 0.218279 0.781721
1 0.315732 0.684268
1 0.213757 0.786243
1 0.0370912 0.962909
1 0.379331 0.620669
1 0.280845 0.719155
1 0.146412 0.853588
1 0.188784 0.811216
1 0.47282 0.52718
1 0.228101 0.771899
1 0.214484 0.785516
0 0.5 0.5
1 0.250659 0.749341
1 0.329102 0.670898
1 0.250655 0.749345
1 0.418948 0.581052
1 0.334135 0.665865
1 0.117277 0.882723
1 0.122636 0.877364
1 0.267398 0.732602
1 0.313889 0.686111
1 0.328727 0.671273
1 0.150098 0.849902
0 0.583937 0.416063
1 0.126398 0.873602
1 0.184913 0.815087
1 0.121162 0.878838
1 0.415524 0.584476
1 0.157517 0.842483
1 0.254729 0.745271
1 0.272622 0.727378
1 0.2672 0.7328
1 0.226891 0.773109
1 0.257063 0.742937
1 0.23661 0.76339
1 0.430618 0.569382
1 0.328359 0.671641
1 0.309604 0.690396
1 0.29526 0.70474
1 0.365445 0.634555
1 0.26852 0.73148
1 0.122822 0.877178
1 0.428501 0.571499
1 0.101458 0.898542
1 0.332997 0.667003
1 0.282081 0.717919
1 0.240097 0.759903
1 0.117841 0.882159
1 0.408123 0.591877
1 0.359215 0.640785
0 0.514512 0.485488
1 0.342776 0.657224
1 0.106838 0.893162
1 0.349069 0.650931
1 0.0483732 0.951627
1 0.377378 0.622622
1 0.154592 0.845408
1 0.326029 0.673971
1 0.171947 0.828053
1 0.0122438 0.987756
1 0.298371 0.701629
0 0.633995 0.366005
1 0.220145 0.779855
1 0.140399 0.859601
1 0.229303 0.770697
1 0.0299922 0.970008
1 0.23481 0.76519
1 0.433209 0.566791
1 0.32646 0.67354
1 0.317789 0.682211
1 0.282914 0.717086
0 0.560322 0.439678
1 0.21216 0.78784
1 0.359101 0.640899
1 0.190952 0.809048
1 0.128535 0.871465
1 0.292645 0.707355
1 0.334304 0.665696
1 0.255305 0.744695
1 0.24398 0.75602
1 0.367947 0.632053
0 0.56387 0.43613
1 0.439927 0.560073
1 0.126014 0.873986
1 0.338574 0.661426
1 0.296683 0.703317
1 0.183174 0.816826
1 0.185106 0.814894
1 0.307896 0.692104
0 0.572547 0.427453
1 0.311403 0.688597
1 0.354006 0.645994
0 0.619143 0.380857
1 0.194893 0.805107
1 0.267481 0.732519
1 0.0803735 0.919627
1 0.266804 0.733196
1 0.282086 0.717914
1 0.0442524 0.955748
1 0.434066 0.565934
1 0.427991 0.572009
1 0.218215 0.781785
0 0.768847 0.231153
1 0.316691 0.683309
1 0.257451 0.742549
1 0.227933 0.772067
0 0.567265 0.432735
1 0.338765 0.661235
0 0.631793 0.368207
1 0.219751 0.780249
1 0.449506 0.550494
1 0.234726 0.765274
1 0.264514 0.735486
1 0.207661 0.792339
0 0.5 0.5
1 0.201904 0.798096
1 0.272191 0.727809
1 0.244008 0.755992
1 0.259214 0.740786
1 0.359196 0.640804
1 0.0431228 0.956877
1 0.212995 0.787005
1 0.267007 0.732993
0 0.529493 0.470507
1 0.0756231 0.924377
1 0.249913 0.750087
1 0.384148 0.615852
1 0.26874 0.73126
1 0.307315 0.692685
1 0.305377 0.694623
0 0.624389 0.375611
1 0.107308 0.892692
1 0.158672 0.841328
1 0.444025 0.555975
1 0.143485 0.856515
1 0.330607 0.669393
1 0.0356749 0.964325
1 0.483108 0.516892
1 0.276965 0.723035
1 0.245997 0.754003
0 0.688356 0.311644
0 0.701982 0.298018
1 0.241068 0.758932
1 0.0808659 0.919134
1 0.202206 0.797794
1 0.142494 0.857506
1 0.330876 0.669124
0 0.536745 0.463255
1 0.325366 0.674634
1 0.245908 0.754092
1 0.0947002 0.9053
0 0.545022 0.454978
0 0.584868 0.415132
1 0.0606665 0.939334
1 0.0666056 0.933394
1 0.340801 0.659199
1 0.353454 0.646546
1 0.321608 0.678392
1 0.216801 0.783199
1 0.349137 0.650863
1 0.262872 0.737128
1 0.219935 0.780065
1 0.424284 0.575716
0 0.661846 0.338154
1 0.182978 0.817022
1 0.311173 0.688827
1 0.187475 0.812525
1 0.450118 0.549882
1 0.135028 0.864972
1 0.26878 0.73122
1 0.167289 0.832711
1 0.467216 0.532784
1 0.139705 0.860295
1 0.285622 0.714378
1 0.25131 0.74869
1 0.279975 0.720025
1 0.231068 0.768932
1 0.443745 0.556255
1 0.459577 0.540423
1 0.11742 0.88258
1 0.11655 0.88345
1 0.252763 0.747237
0 0.5 0.5
1 0.168736 0.831264
1 0.245589 0.754411
1 0.402043 0.597957
1 0.166446 0.833554
1 0.26741 0.73259
1 0.275977 0.724023
1 0.191988 0.808012
1 0.165791 0.834209
1 0.260431 0.739569
1 0.459863 0.540137
1 0.294009 0.705991
1 0.192697 0.807303
1 0.372488 0.627512
1 0.39129 0.60871
1 0.168103 0.831897
1 0.218388 0.781612
1 0.296724 0.703276
1 0.0324318 0.967568
1 0.0947754 0.905225
1 0.326631 0.673369
1 0.334353 0.665647
1 0.158613 0.841387
1 0.393533 0.606467
1 0.404949 0.595051
1 0.311607 0.688393
1 0.250046 0.749954
1 0.189646 0.810354
1 0.266154 0.733846
1 0.252805 0.747195
1 0.275764 0.724236
1 0.299195 0.700805
0 0.522995 0.477005
