labels 0 1
0 0.915935 0.084065
1 0.215888 0.784112
0 0.883666 0.116334
0 0.750456 0.249544
0 0.916313 0.0836869
1 0.44553 0.55447
0 0.827632 0.172368
0 0.707906 0.292094
0 0.871067 0.128933
1 0.369901 0.630099
0 0.687516 0.312484
1 0.165944 0.834056
0 0.6584 0.3416
0 0.909536 0.0904642
0 0.88919 0.11081
0 0.901702 0.0982979
0 0.717723 0.282277
0 0.795513 0.204487
0 0.905207 0.0947931
1 0.490102 0.509898
0 0.95456 0.0454402
1 0.222903 0.777097
1 0.339261 0.660739
0 0.686596 0.313404
1 0.253005 0.746995
0 0.769105 0.230895
0 0.540254 0.459746
1 0.159646 0.840354
0 0.543171 0.456829
0 0.954065 0.0459348
0 0.576706 0.423294
0 0.961137 0.0388634
0 0.811915 0.188085
0 0.817635 0.182365
0 0.596098 0.403902
1 0.399699 0.600301
1 0.490471 0.509529
0 0.583105 0.416895
0 0.98134 0.0186603
0 0.845142 0.154858
1 0.464936 0.535064
1 0.449712 0.550288
0 0.920947 0.0790534
0 0.958557 0.0414428
0 0.651647 0.348353
0 0.514771 0.485229
0 0.735154 0.264846
0 0.648623 0.351377
1 0.43771 0.56229
1 0.425112 0.574888
1 0.341321 0.658679
1 0.352937 0.647063
1 0.330271 0.669729
0 0.881585 0.118415
0 0.975294 0.0247062
0 0.938964 0.0610359
1 0.115595 0.884405
0 0.860309 0.139691
0 0.514277 0.485723
0 0.967818 0.0321824
1 0.152919 0.847081
0 0.949895 0.0501045
0 0.709127 0.290873
0 0.854225 0.145775
0 0.792959 0.207041
0 0.761687 0.238313
0 0.880465 0.119535
0 0.851859 0.148141
0 0.684839 0.315161
0 0.651189 0.348811
0 0.681664 0.318336
1 0.486733 0.513267
1 0.471526 0.528474
0 0.947744 0.0522562
1 0.124285 0.875715
0 0.533843 0.466157
1 0.325877 0.674123
1 0.352359 0.647641
1 0.388571 0.611429
0 0.655374 0.344626
1 0.185908 0.814092
0 0.58523 0.41477
0 0.899511 0.100489
0 0.563599 0.436401
0 0.752709 0.247291
0 0.639192 0.360808
1 0.0675737 0.932426
0 0.956406 0.0435939
1 0.292984 0.707016
0 0.778693 0.221307
0 0.630444 0.369556
1 0.452243 0.547757
0 0.902097 0.097903
0 0.753958 0.246042
1 0.29123 0.70877
1 0.087056 0.912944
0 0.821262 0.178738
0 0.595313 0.404687
1 0.110517 0.889483
0 0.850483 0.149517
0 0.818941 0.181059
0 0.56909 0.43091
0 0.68847 0.31153
0 0.521677 0.478323
0 0.755937 0.244063
0 0.795092 0.204908
0 0.708968 0.291032
0 0.5 0.5
0 0.880718 0.119282
0 0.952822 0.047178
0 0.893513 0.106487
0 0.838761 0.161239
0 0.795019 0.204981
0 0.887365 0.112635
1 0.480928 0.519072
0 0.959129 0.0408707
0 0.963949 0.0360512
0 0.724552 0.275448
0 0.738591 0.261409
0 0.676741 0.323259
0 0.681702 0.318298
1 0.144065 0.855935
0 0.767037 0.232963
0 0.693579 0.306421
0 0.784491 0.215509
1 0.427196 0.572804
0 0.916326 0.0836735
1 0.440319 0.559681
0 0.749345 0.250655
0 0.665134 0.334866
0 0.841287 0.158713
0 0.779314 0.220686
0 0.75778 0.24222
0 0.855279 0.144721
0 0.921367 0.0786325
0 0.795711 0.204289
0 0.842206 0.157794
1 0.327718 0.672282
0 0.556186 0.443814
1 0.355099 0.644901
0 0.965104 0.0348964
0 0.745108 0.254892
0 0.883984 0.116016
0 0.955438 0.044562
1 0.13122 0.86878
0 0.818485 0.181515
0 0.81282 0.18718
1 0.478908 0.521092
0 0.863476 0.136524
0 0.857196 0.142804
0 0.797016 0.202984
0 0.722426 0.277574
0 0.660829 0.339171
0 0.761666 0.238334
0 0.812489 0.187511
1 0.372354 0.627646
0 0.631269 0.368731
0 0.801159 0.198841
1 0.411664 0.588336
0 0.845574 0.154426
0 0.777717 0.222283
0 0.596958 0.403042
1 0.38958 0.61042
0 0.947598 0.0524019
1 0.14335 0.85665
0 0.905592 0.0944084
1 0.46051 0.53949
0 0.712838 0.287162
0 0.825789 0.174211
0 0.687714 0.312286
0 0.858633 0.141367
0 0.777723 0.222277
0 0.830114 0.169886
0 0.641344 0.358656
0 0.843374 0.156626
0 0.833734 0.166266
0 0.815953 0.184047
1 0.273523 0.726477
1 0.471576 0.528424
1 0.363422 0.636578
0 0.847699 0.152301
0 0.520978 0.479022
1 0.401996 0.598004
0 0.710471 0.289529
1 0.262583 0.737417
1 0.318038 0.681962
1 0.355149 0.644851
1 0.32768 0.67232
1 0.358596 0.641404
0 0.666225 0.333775
1 0.218294 0.781706
0 0.908247 0.091753
0 0.706362 0.293638
0 0.970132 0.0298676
0 0.652307 0.347693
0 0.583896 0.416104
0 0.949889 0.0501106
0 0.645732 0.354268
0 0.805924 0.194076
0 0.726036 0.273964
0 0.794257 0.205743
0 0.781952 0.218048
0 0.83253 0.16747
1 0.0693672 0.930633
0 0.891702 0.108298
0 0.679765 0.320235
0 0.901257 0.0987426
1 0.369281 0.630719
0 0.61074 0.38926
0 0.618389 0.381611
0 0.812598 0.187402
1 0.226039 0.773961
0 0.829668 0.170332
0 0.765688 0.234312
0 0.739347 0.260653
1 0.0449038 0.955096
0 0.665199 0.334801
0 0.878994 0.121006
1 0.482489 0.517511
1 0.0852241 0.914776
0 0.892922 0.107078
0 0.831545 0.168455
0 0.701888 0.298112
0 0.696825 0.303175
1 0.296427 0.703573
0 0.90342 0.0965796
0 0.837943 0.162057
0 0.861507 0.138493
0 0.696418 0.303582
0 0.765124 0.234876
0 0.962718 0.0372821
1 0.310854 0.689146
0 0.643003 0.356997
0 0.800568 0.199432
1 0.235322 0.764678
1 0.295436 0.704564
0 0.936856 0.0631436
0 0.690531 0.309469
0 0.895819 0.104181
0 0.867332 0.132668
0 0.867201 0.132799
0 0.916147 0.0838531
1 0.0491093 0.950891
1 0.433701 0.566299
1 0.17905 0.82095
1 0.141728 0.858272
0 0.927513 0.0724872
1 0.039705 0.960295
0 0.629721 0.370279
0 0.590715 0.409285
0 0.514302 0.485698
1 0.139894 0.860106
1 0.428164 0.571836
0 0.693341 0.306659
0 0.644473 0.355527
1 0.327515 0.672485
0 0.643159 0.356841
0 0.813939 0.186061
1 0.419646 0.580354
0 0.861149 0.138851
0 0.874186 0.125814
1 0.354787 0.645213
0 0.89872 0.10128
0 0.826372 0.173628
0 0.869925 0.130075
0 0.979562 0.0204379
0 0.97018 0.0298203
1 0.429433 0.570567
0 0.660025 0.339975
0 0.903153 0.0968475
1 0.0471686 0.952831
1 0.327505 0.672495
1 0.146423 0.853577
0 0.870642 0.129358
0 0.625249 0.374751
0 0.951893 0.0481065
1 0.292211 0.707789
0 0.534042 0.465958
0 0.693141 0.306859
0 0.561958 0.438042
0 0.693254 0.306746
0 0.854941 0.145059
0 0.913742 0.0862584
0 0.525425 0.474575
1 0.427163 0.572837
0 0.577119 0.422881
0 0.860536 0.139464
0 0.692518 0.307482
0 0.824103 0.175897
0 0.798108 0.201892
0 0.68102 0.31898
0 0.881637 0.118363
0 0.869922 0.130078
0 0.525555 0.474445
0 0.531494 0.468506
1 0.282848 0.717152
1 0.384302 0.615698
0 0.889771 0.110229
1 0.391378 0.608622
0 0.900766 0.0992336
0 0.587948 0.412052
0 0.933906 0.0660938
1 0.395135 0.604865
1 0.322133 0.677867
0 0.722442 0.277558
0 0.606232 0.393768
1 0.0517888 0.948211
0 0.895754 0.104246
0 0.813247 0.186753
1 0.465715 0.534285
1 0.151208 0.848792
1 0.461385 0.538615
0 0.842463 0.157537
1 0.25264 0.74736
0 0.840693 0.159307
0 0.941609 0.0583912
1 0.0698349 0.930165
1 0.431892 0.568108
0 0.78563 0.21437
0 0.757396 0.242604
0 0.585315 0.414685
1 0.122191 0.877809
1 0.416353 0.583647
0 0.858501 0.141499
1 0.494314 0.505686
0 0.948358 0.0516424
0 0.94063 0.0593698
0 0.752747 0.247253
0 0.748576 0.251424
0 0.65752 0.34248
0 0.762182 0.237818
1 0.250545 0.749455
0 0.692665 0.307335
1 0.456304 0.543696
0 0.630009 0.369991
0 0.822888 0.177112
0 0.653524 0.346476
0 0.60674 0.39326
0 0.863378 0.136622
0 0.881329 0.118671
0 0.654709 0.345291
1 0.328094 0.671906
0 0.660498 0.339502
0 0.88483 0.11517
0 0.911688 0.0883124
0 0.517832 0.482168
0 0.880428 0.119572
1 0.177646 0.822354
0 0.78169 0.21831
1 0.402997 0.597003
1 0.429773 0.570227
0 0.620992 0.379008
1 0.279815 0.720185
0 0.782629 0.217371
0 0.939547 0.0604534
0 0.948848 0.0511516
0 0.722496 0.277504
0 0.581213 0.418787
0 0.782207 0.217793
0 0.917699 0.0823013
0 0.543594 0.456406
0 0.858859 0.141141
0 0.843615 0.156385
0 0.647936 0.352064
0 0.980539 0.0194612
0 0.758076 0.241924
1 0.326062 0.673938
0 0.654269 0.345731
0 0.900606 0.0993936
1 0.409495 0.590505
1 0.187998 0.812002
0 0.851764 0.148236
1 0.489676 0.510324
0 0.53415 0.46585
0 0.799204 0.200796
1 0.113842 0.886158
1 0.0559022 0.944098
0 0.857039 0.142961
0 0.803335 0.196665
1 0.0995491 0.900451
1 0.11656 0.88344
0 0.565577 0.434423
1 0.187006 0.812994
1 0.0924694 0.907531
1 0.407964 0.592036
1 0.0819069 0.918093
0 0.508655 0.491345
0 0.752242 0.247758
1 0.0421763 0.957824
1 0.158529 0.841471
1 0.426848 0.573152
1 0.362948 0.637052
1 0.392051 0.607949
1 0.0512908 0.948709
1 0.126428 0.873572
0 0.623815 0.376185
1 0.0871937 0.912806
0 0.754292 0.245708
1 0.185418 0.814582
1 0.0663096 0.93369
1 0.0291471 0.970853
1 0.0523481 0.947652
1 0.237593 0.762407
0 0.52855 0.47145
1 0.196045 0.803955
1 0.149745 0.850255
0 0.884249 0.115751
0 0.656885 0.343115
1 0.0191878 0.980812
0 0.747047 0.252953
1 0.481316 0.518684
1 0.204018 0.795982
0 0.581626 0.418374
1 0.471159 0.528841
0 0.676535 0.323465
1 0.115729 0.884271
1 0.0465373 0.953463
0 0.561129 0.438871
1 0.26396 0.73604
1 0.0217983 0.978202
1 0.206559 0.793441
0 0.603465 0.396535
1 0.336752 0.663248
1 0.0164658 0.983534
1 0.154709 0.845291
1 0.165309 0.834691
1 0.235983 0.764017
0 0.877346 0.122654
1 0.335822 0.664178
1 0.0153424 0.984658
1 0.0738129 0.926187
1 0.0187712 0.981229
1 0.148105 0.851895
1 0.208876 0.791124
0 0.593169 0.406831
1 0.00535202 0.994648
0 0.644934 0.355066
0 0.544171 0.455829
1 0.220281 0.779719
1 0.282311 0.717689
1 0.134414 0.865586
1 0.114388 0.885612
0 0.806359 0.193641
1 0.178076 0.821924
1 0.110849 0.889151
0 0.678423 0.321577
1 0.0269705 0.973029
1 0.0544221 0.945578
1 0.175897 0.824103
0 0.633041 0.366959
1 0.307074 0.692926
1 0.244973 0.755027
1 0.229296 0.770704
1 0.242103 0.757897
1 0.400351 0.599649
1 0.147746 0.852254
1 0.191566 0.808434
1 0.0126491 0.987351
1 0.260904 0.739096
1 0.366794 0.633206
0 0.631662 0.368338
0 0.761551 0.238449
0 0.585201 0.414799
1 0.0511584 0.948842
0 0.936927 0.0630729
1 0.321576 0.678424
1 0.435397 0.564603
1 0.0747231 0.925277
0 0.764665 0.235335
1 0.0155598 0.98444
1 0.123363 0.876637
0 0.582521 0.417479
0 0.5 0.5
1 0.0456226 0.954377
1 0.451726 0.548274
0 0.548635 0.451365
1 0.297893 0.702107
1 0.350964 0.649036
1 0.113682 0.886318
0 0.762651 0.237349
0 0.52377 0.47623
1 0.0335359 0.966464
0 0.665196 0.334804
1 0.428254 0.571746
1 0.0109388 0.989061
0 0.63283 0.36717
1 0.214426 0.785574
1 0.242158 0.757842
1 0.0894328 0.910567
1 0.0483857 0.951614
1 0.0339941 0.966006
1 0.11179 0.88821
0 0.846095 0.153905
0 0.920321 0.0796793
1 0.085131 0.914869
1 0.0640347 0.935965
0 0.737712 0.262288
1 0.211706 0.788294
1 0.440452 0.559548
1 0.186018 0.813982
1 0.387624 0.612376
1 0.231036 0.768964
0 0.696397 0.303603
1 0.206093 0.793907
0 0.793061 0.206939
1 0.217595 0.782405
1 0.16011 0.83989
0 0.644651 0.355349
1 0.274265 0.725735
1 0.00638262 0.993617
1 0.0668452 0.933155
1 0.285621 0.714379
0 0.804454 0.195546
1 0.0613832 0.938617
1 0.135795 0.864205
1 0.11649 0.88351
0 0.572926 0.427074
0 0.61218 0.38782
1 0.299414 0.700586
1 0.119694 0.880306
1 0.02164 0.97836
1 0.458906 0.541094
1 0.438162 0.561838
0 0.572721 0.427279
0 0.842468 0.157532
1 0.314808 0.685192
1 0.0115776 0.988422
0 0.560797 0.439203
0 0.649641 0.350359
0 0.936305 0.0636945
1 0.0317491 0.968251
0 0.786928 0.213072
0 0.540982 0.459018
1 0.180567 0.819433
1 0.0213873 0.978613
1 0.172861 0.827139
0 0.5 0.5
1 0.469136 0.530864
1 0.00542587 0.994574
0 0.694084 0.305916
1 0.254861 0.745139
1 0.173693 0.826307
1 0.20976 0.79024
0 0.664585 0.335415
1 0.266309 0.733691
1 0.305081 0.694919
0 0.728949 0.271051
1 0.211259 0.788741
1 0.289523 0.710477
1 0.0787202 0.92128
0 0.5 0.5
0 0.580482 0.419518
1 0.10773 0.89227
1 0.00296198 0.997038
1 0.195892 0.804108
0 0.646738 0.353262
1 0.241735 0.758265
1 0.102616 0.897384
0 0.620712 0.379288
1 0.102113 0.897887
1 0.043986 0.956014
1 0.0811211 0.918879
1 0.403927 0.596073
1 0.36477 0.63523
1 0.057451 0.942549
1 0.435426 0.564574
0 0.505767 0.494233
1 0.186613 0.813387
0 0.666639 0.333361
1 0.431968 0.568032
0 0.622158 0.377842
0 0.692375 0.307625
0 0.51751 0.48249
1 0.229082 0.770918
1 0.449102 0.550898
1 0.0771726 0.922827
1 0.0182941 0.981706
0 0.560419 0.439581
1 0.136482 0.863518
0 0.513183 0.486817
1 0.178011 0.821989
1 0.155255 0.844745
1 0.016155 0.983845
0 0.537483 0.462517
1 0.228352 0.771648
1 0.464427 0.535573
1 0.251039 0.748961
1 0.0478758 0.952124
1 0.431221 0.568779
1 0.0577163 0.942284
0 0.668871 0.331129
1 0.18169 0.81831
1 0.161661 0.838339
1 0.161724 0.838276
1 0.0175365 0.982464
0 0.5 0.5
1 0.437188 0.562812
1 0.055962 0.944038
1 0.130554 0.869446
1 0.0350472 0.964953
1 0.0569156 0.943084
1 0.285636 0.714364
0 0.820981 0.179019
1 0.239142 0.760858
0 0.739006 0.260994
1 0.353367 0.646633
1 0.415015 0.584985
1 0.043878 0.956122
1 0.280969 0.719031
1 0.0673431 0.932657
1 0.0721041 0.927896
1 0.236711 0.763289
0 0.880713 0.119287
1 0.352294 0.647706
1 0.182834 0.817166
1 0.425904 0.574096
1 0.486773 0.513227
1 0.410555 0.589445
1 0.0127232 0.987277
1 0.380481 0.619519
1 0.291187 0.708813
1 0.0249188 0.975081
1 8.52546e-06 0.999991
1 0.0963534 0.903647
1 0.488273 0.511727
1 0.356946 0.643054
1 0.399384 0.600616
0 0.592629 0.407371
0 0.52797 0.47203
0 0.875004 0.124996
1 0.0419704 0.95803
1 0.366928 0.633072
1 0.368792 0.631208
1 0.0255098 0.97449
1 0.469948 0.530052
0 0.614382 0.385618
1 0.116817 0.883183
0 0.746024 0.253976
0 0.866106 0.133894
1 0.0349318 0.965068
1 0.175679 0.824321
0 0.648773 0.351227
1 0.376211 0.623789
0 0.878222 0.121778
1 0.245462 0.754538
1 0.42105 0.57895
1 0.31158 0.68842
1 0.323293 0.676707
1 0.0226554 0.977345
0 0.554274 0.445726
1 0.232586 0.767414
0 0.608457 0.391543
1 0.361391 0.638609
1 0.200947 0.799053
0 0.867231 0.132769
1 0.0550747 0.944925
1 0.0680182 0.931982
1 0.110801 0.889199
0 0.844903 0.155097
1 0.0256655 0.974335
1 0.0302868 0.969713
0 0.764423 0.235577
1 0.102473 0.897527
1 0.347489 0.652511
1 0.322268 0.677732
0 0.789131 0.210869
1 1.27833e-05 0.999987
1 0.0521396 0.94786
0 0.539979 0.460021
1 0.156663 0.843337
0 0.913862 0.0861383
1 0.0393311 0.960669
1 0.33162 0.66838
1 0.228413 0.771587
1 0.225338 0.774662
0 0.947654 0.0523457
0 0.796604 0.203396
1 0.369839 0.630161
1 0.0436357 0.956364
1 0.118422 0.881578
1 0.133143 0.866857
1 0.456577 0.543423
0 0.949522 0.0504779
0 0.530997 0.469003
1 0.0822124 0.917788
1 0.0365499 0.96345
0 0.566592 0.433408
0 0.819946 0.180054
1 0.096931 0.903069
1 0.128457 0.871543
0 0.807144 0.192856
1 0.401854 0.598146
0 0.680703 0.319297
0 0.511781 0.488219
1 0.486245 0.513755
1 0.198377 0.801623
1 0.131728 0.868272
0 0.725828 0.274172
0 0.906121 0.0938789
1 0.21607 0.78393
1 0.282148 0.717852
1 0.0160929 0.983907
0 0.667027 0.332973
1 0.209033 0.790967
1 0.315046 0.684954
1 0.249204 0.750796
0 0.516672 0.483328
1 0.0388867 0.961113
1 0.353335 0.646665
1 0.25506 0.74494
1 0.280316 0.719684
1 0.365437 0.634563
1 0.205966 0.794034
1 0.31646 0.68354
1 0.0305192 0.969481
1 0.073734 0.926266
1 0.354192 0.645808
1 0.427925 0.572075
1 0.137823 0.862177
1 0.275314 0.724686
1 0.440024 0.559976
1 0.073686 0.926314
0 0.908595 0.0914048
1 0.35232 0.64768
1 0.189466 0.810534
1 0.073175 0.926825
1 0.215089 0.784911
1 0.380388 0.619612
1 0.213107 0.786893
1 0.0565524 0.943448
0 0.51067 0.48933
0 0.634953 0.365047
1 0.0835909 0.916409
1 0.346379 0.653621
1 0.287689 0.712311
1 0.0660513 0.933949
1 0.161057 0.838943
1 0.388238 0.611762
1 0.213632 0.786368
1 0.146207 0.853793
1 0.478519 0.521481
1 0.490087 0.509913
0 0.703356 0.296644
1 0.359217 0.640783
1 0.194669 0.805331
1 0.22504 0.77496
1 0.114512 0.885488
1 0.166628 0.833372
1 0.172729 0.827271
0 0.661242 0.338758
