labels 0 1
0 0.765341 0.234659
1 0.233264 0.766736
0 0.574666 0.425334
0 0.73737 0.26263
0 0.76569 0.23431
1 0.422686 0.577314
0 0.896404 0.103596
0 0.838121 0.161879
1 0.41019 0.58981
1 0.43887 0.56113
0 0.661735 0.338265
1 0.308932 0.691068
0 0.540713 0.459287
0 0.951545 0.0484555
0 0.71583 0.28417
1 0.305885 0.694115
0 0.695713 0.304287
0 0.904305 0.0956945
0 0.893551 0.106449
1 0.443862 0.556138
1 0.340645 0.659355
1 0.290823 0.709177
1 0.289679 0.710321
0 0.660824 0.339176
1 0.353779 0.646221
0 0.847729 0.152271
1 0.336807 0.663193
1 0.342533 0.657467
1 0.344002 0.655998
0 0.968065 0.0319348
1 0.384192 0.615808
0 0.939486 0.0605136
1 0.290836 0.709164
1 0.402851 0.597149
0 0.634155 0.365845
1 0.352337 0.647663
1 0.343092 0.656908
0 0.571792 0.428208
0 0.867219 0.132781
1 0.45323 0.54677
1 0.318749 0.681251
0 0.5 0.5
0 0.852566 0.147434
0 0.868571 0.131429
0 0.721624 0.278376
1 0.330205 0.669795
0 0.652038 0.347962
0 0.584014 0.415986
0 0.556659 0.443341
1 0.260948 0.739052
1 0.322712 0.677288
1 0.34556 0.65444
1 0.271134 0.728866
0 0.620907 0.379093
1 0.382171 0.617829
0 0.73479 0.26521
1 0.0842074 0.915793
0 0.580528 0.419472
0 0.648513 0.351487
0 0.873906 0.126094
1 0.243878 0.756122
0 0.724941 0.275059
0 0.623429 0.376571
0 0.927822 0.0721785
0 0.73768 0.26232
0 0.801537 0.198463
0 0.877996 0.122004
0 0.787177 0.212823
1 0.399742 0.600258
1 0.277609 0.722391
0 0.513321 0.486679
0 0.66118 0.33882
0 0.542563 0.457437
0 0.952554 0.047446
1 0.206675 0.793325
1 0.409314 0.590686
1 0.394245 0.605755
1 0.212907 0.787093
0 0.729498 0.270502
1 0.449542 0.550458
1 0.403396 0.596604
1 0.286534 0.713466
1 0.357898 0.642102
1 0.298867 0.701133
0 0.637797 0.362203
0 0.724664 0.275336
1 0.102878 0.897122
0 0.784411 0.215589
1 0.352771 0.647229
0 0.665853 0.334147
1 0.306881 0.693119
0 0.534793 0.465207
0 0.825148 0.174852
1 0.350417 0.649583
1 0.229242 0.770758
1 0.242214 0.757786
0 0.907627 0.092373
1 0.424103 0.575897
1 0.238731 0.761269
0 0.80034 0.19966
0 0.631594 0.368406
0 0.55218 0.44782
1 0.388915 0.611085
1 0.469143 0.530857
1 0.454915 0.545085
0 0.683419 0.316581
0 0.545903 0.454097
1 0.431561 0.568439
0 0.808531 0.191469
0 0.651476 0.348524
1 0.437786 0.562214
0 0.765614 0.234386
0 0.798638 0.201362
0 0.939442 0.0605576
0 0.51813 0.48187
0 0.854788 0.145212
0 0.522678 0.477322
0 0.647791 0.352209
0 0.777855 0.222145
0 0.581482 0.418518
0 0.640538 0.359462
1 0.161908 0.838092
0 0.637546 0.362454
1 0.41299 0.58701
0 0.75506 0.24494
1 0.345656 0.654344
0 0.84327 0.15673
1 0.307051 0.692949
0 0.865025 0.134975
0 0.52973 0.47027
0 0.767144 0.232856
0 0.671851 0.328149
1 0.364076 0.635924
0 0.824742 0.175258
0 0.799594 0.200406
0 0.630888 0.369112
0 0.792978 0.207022
1 0.194663 0.805337
1 0.352808 0.647192
1 0.350033 0.649967
0 0.63744 0.36256
0 0.621908 0.378092
0 0.662745 0.337255
0 0.5 0.5
1 0.318884 0.681116
1 0.450903 0.549097
1 0.471503 0.528497
1 0.482536 0.517464
0 0.765296 0.234704
0 0.8631 0.1369
0 0.532503 0.467497
0 0.636687 0.363313
0 0.64915 0.35085
0 0.858971 0.141029
0 0.76972 0.23028
1 0.380116 0.619884
0 0.749967 0.250033
0 0.72064 0.27936
1 0.327665 0.672335
1 0.34865 0.65135
1 0.471156 0.528844
1 0.462781 0.537219
1 0.302343 0.697657
0 0.863987 0.136013
1 0.139495 0.860505
0 0.783927 0.216073
0 0.624344 0.375656
1 0.426235 0.573765
0 0.641686 0.358314
1 0.427702 0.572298
0 0.786899 0.213101
0 0.5 0.5
0 0.56937 0.43063
0 0.629226 0.370774
0 0.878475 0.121525
0 0.558869 0.441131
1 0.374083 0.625917
1 0.230488 0.769512
1 0.318969 0.681031
1 0.463937 0.536063
0 0.854212 0.145788
1 0.312422 0.687578
1 0.43789 0.56211
0 0.531363 0.468637
1 0.479463 0.520537
1 0.257752 0.742248
1 0.284951 0.715049
1 0.310404 0.689596
1 0.277958 0.722042
0 0.602751 0.397249
1 0.301389 0.698611
0 0.826754 0.173246
0 0.692048 0.307952
0 0.542264 0.457736
0 0.525852 0.474148
0 0.704094 0.295906
0 0.934949 0.0650513
0 0.693729 0.306271
0 0.593345 0.406655
1 0.38542 0.61458
0 0.872215 0.127785
0 0.72607 0.27393
0 0.647042 0.352958
1 0.238166 0.761834
0 0.890006 0.109994
0 0.603565 0.396435
1 0.315145 0.684855
1 0.322166 0.677834
1 0.438556 0.561444
0 0.564402 0.435598
0 0.591147 0.408853
1 0.258704 0.741296
0 0.884854 0.115146
1 0.330826 0.669174
0 0.72239 0.27761
1 0.0524399 0.94756
0 0.663935 0.336065
0 0.870523 0.129477
1 0.260954 0.739046
1 0.167237 0.832763
0 0.767976 0.232024
1 0.445061 0.554939
0 0.75026 0.24974
0 0.5 0.5
1 0.358333 0.641667
0 0.534757 0.465243
0 0.65422 0.34578
1 0.483628 0.516372
0 0.778526 0.221474
0 0.711003 0.288997
0 0.664633 0.335367
0 0.565029 0.434971
1 0.494535 0.505465
0 0.744938 0.255062
1 0.237965 0.762035
1 0.331583 0.668417
0 0.880236 0.119764
0 0.622492 0.377508
0 0.734494 0.265506
0 0.753939 0.246061
0 0.851649 0.148351
0 0.666204 0.333796
1 0.187017 0.812983
0 0.5548 0.4452
1 0.228846 0.771154
1 0.131687 0.868313
0 0.515689 0.484311
1 0.111722 0.888278
0 0.793887 0.206113
1 0.342399 0.657601
0 0.527813 0.472187
1 0.147498 0.852502
1 0.372773 0.627227
1 0.459521 0.540479
0 0.514123 0.485877
1 0.472744 0.527256
0 0.53431 0.46569
0 0.73447 0.26553
1 0.276031 0.723969
1 0.344608 0.655392
0 0.554906 0.445094
1 0.327007 0.672993
0 0.923468 0.0765319
0 0.686691 0.313309
0 0.777318 0.222682
0 0.917585 0.0824147
1 0.427015 0.572985
0 0.593382 0.406618
0 0.698277 0.301723
0 0.755968 0.244032
1 0.240202 0.759798
1 0.258119 0.741881
1 0.269557 0.730443
1 0.32468 0.67532
1 0.266803 0.733197
0 0.932387 0.0676126
1 0.234242 0.765758
0 0.534735 0.465265
0 0.79562 0.20438
0 0.709518 0.290482
0 0.506197 0.493803
0 0.5 0.5
0 0.585822 0.414178
1 0.447529 0.552471
1 0.493854 0.506146
1 0.354012 0.645988
0 0.532203 0.467797
1 0.376014 0.623986
0 0.82846 0.17154
0 0.59579 0.40421
1 0.476034 0.523966
0 0.746253 0.253747
0 0.841883 0.158117
1 0.43533 0.56467
1 0.347679 0.652321
1 0.214637 0.785363
1 0.263161 0.736839
0 0.57839 0.42161
1 0.484162 0.515838
0 0.807391 0.192609
0 0.596892 0.403108
0 0.806646 0.193354
1 0.430401 0.569599
1 0.226072 0.773928
1 0.385469 0.614531
0 0.612884 0.387116
1 0.23336 0.76664
0 0.85418 0.14582
0 0.799052 0.200948
1 0.334381 0.665619
1 0.152942 0.847058
1 0.33669 0.66331
0 0.701927 0.298073
1 0.261003 0.738997
0 0.866464 0.133536
0 0.900577 0.0994228
1 0.175798 0.824202
1 0.287365 0.712635
0 0.839205 0.160795
0 0.510482 0.489518
0 0.509443 0.490557
1 0.222736 0.777264
1 0.473956 0.526044
0 0.821981 0.178019
1 0.320058 0.679942
0 0.867046 0.132954
0 0.795261 0.204739
0 0.829669 0.170331
0 0.601775 0.398225
0 0.532342 0.467658
0 0.87407 0.12593
1 0.324412 0.675588
1 0.45403 0.54597
1 0.229091 0.770909
1 0.264879 0.735121
0 0.886095 0.113905
0 0.831181 0.168819
0 0.800651 0.199349
0 0.861596 0.138404
1 0.418388 0.581612
0 0.506526 0.493474
0 0.524623 0.475377
0 0.544366 0.455634
0 0.823858 0.176142
1 0.466578 0.533422
1 0.481208 0.518792
1 0.382144 0.617856
1 0.280417 0.719583
0 0.529274 0.470726
1 0.330339 0.669661
1 0.250666 0.749334
0 0.583218 0.416782
1 0.191177 0.808823
1 0.288934 0.711066
0 0.943295 0.056705
0 0.842906 0.157094
1 0.425324 0.574676
0 0.613655 0.386345
1 0.47602 0.52398
0 0.833415 0.166585
0 0.540452 0.459548
0 0.787191 0.212809
0 0.536571 0.463429
0 0.72595 0.27405
0 0.642045 0.357955
1 0.463241 0.536759
1 0.252325 0.747675
1 0.331995 0.668005
0 0.652675 0.347325
0 0.690477 0.309523
1 0.246242 0.753758
0 0.753933 0.246067
1 0.297113 0.702887
1 0.319527 0.680473
0 0.811861 0.188139
1 0.192305 0.807695
1 0.210693 0.789307
0 0.52297 0.47703
0 0.883064 0.116936
1 0.235031 0.764969
1 0.0703476 0.929652
1 0.329559 0.670441
1 0.081063 0.918937
1 0.222926 0.777074
1 0.3939 0.6061
1 0.0993685 0.900631
1 0.418656 0.581344
0 0.610973 0.389027
1 0.109914 0.890086
1 0.343281 0.656719
1 0.384429 0.615571
1 0.291861 0.708139
1 0.33067 0.66933
1 0.265529 0.734471
1 0.224873 0.775127
0 0.620634 0.379366
1 0.15892 0.84108
0 0.813509 0.186491
1 0.266457 0.733543
1 0.118871 0.881129
1 0.051423 0.948577
1 0.131178 0.868822
1 0.123179 0.876821
1 0.313972 0.686028
1 0.273458 0.726542
1 0.334413 0.665587
0 0.645352 0.354648
0 0.533636 0.466364
1 0.243028 0.756972
0 0.568545 0.431455
1 0.35678 0.64322
1 0.129424 0.870576
0 0.857015 0.142985
1 0.391407 0.608593
1 0.460666 0.539334
1 0.214195 0.785805
1 0.250103 0.749897
1 0.299009 0.700991
1 0.342752 0.657248
1 0.251787 0.748213
1 0.2374 0.7626
1 0.459178 0.540822
1 0.462045 0.537955
1 0.16697 0.83303
1 0.0747523 0.925248
1 0.190948 0.809052
1 0.273157 0.726843
1 0.434529 0.565471
1 0.420168 0.579832
1 0.0936498 0.90635
1 0.0217733 0.978227
1 0.175905 0.824095
1 0.121444 0.878556
1 0.16019 0.83981
1 0.261583 0.738417
1 0.120771 0.879229
1 0.458604 0.541396
1 0.386877 0.613123
1 0.264664 0.735336
1 0.263488 0.736512
1 0.239071 0.760929
1 0.0590788 0.940921
1 0.395084 0.604916
1 0.225368 0.774632
1 0.162477 0.837523
0 0.801617 0.198383
1 0.06574 0.93426
1 0.15769 0.84231
1 0.271094 0.728906
0 0.640517 0.359483
1 0.284515 0.715485
1 0.204119 0.795881
1 0.476997 0.523003
1 0.353057 0.646943
1 0.374126 0.625874
1 0.127386 0.872614
1 0.326482 0.673518
1 0.151643 0.848357
1 0.260573 0.739427
1 0.341607 0.658393
1 0.328287 0.671713
1 0.31487 0.68513
1 0.418998 0.581002
1 0.175081 0.824919
1 0.317511 0.682489
1 0.384469 0.615531
0 0.522843 0.477157
1 0.221805 0.778195
0 0.621138 0.378862
1 0.0630252 0.936975
1 0.341103 0.658897
1 0.269611 0.730389
1 0.377882 0.622118
1 0.187431 0.812569
1 0.273327 0.726673
1 0.455716 0.544284
1 0.29028 0.70972
1 0.185083 0.814917
1 0.240613 0.759387
1 0.28616 0.71384
1 0.418446 0.581554
1 0.251069 0.748931
1 0.411442 0.588558
1 0.38925 0.61075
1 0.124098 0.875902
1 0.298407 0.701593
1 0.278441 0.721559
1 0.256133 0.743867
1 0.168938 0.831062
1 0.239198 0.760802
1 0.132229 0.867771
1 0.25705 0.74295
1 0.352879 0.647121
1 0.353532 0.646468
1 0.153348 0.846652
1 0.0427646 0.957235
0 0.776519 0.223481
1 0.318538 0.681462
0 0.5 0.5
1 0.195826 0.804174
1 0.299039 0.700961
1 0.262897 0.737103
0 0.736567 0.263433
1 0.272923 0.727077
1 0.319553 0.680447
1 0.194206 0.805794
1 0.198703 0.801297
1 0.493895 0.506105
1 0.400783 0.599217
1 0.105381 0.894619
1 0.208364 0.791636
1 0.321464 0.678536
1 0.34453 0.65547
1 0.131594 0.868406
1 0.266395 0.733605
1 0.256412 0.743588
1 0.465252 0.534748
0 0.542382 0.457618
1 0.195298 0.804702
1 0.234893 0.765107
1 0.069659 0.930341
1 0.386381 0.613619
1 0.422425 0.577575
0 0.608507 0.391493
0 0.764747 0.235253
1 0.307899 0.692101
1 0.190167 0.809833
1 0.232807 0.767193
1 0.386061 0.613939
0 0.631326 0.368674
1 0.216731 0.783269
0 0.710167 0.289833
1 0.403443 0.596557
1 0.295768 0.704232
1 0.107135 0.892865
1 0.25383 0.74617
1 0.304377 0.695623
1 0.207842 0.792158
1 0.0370816 0.962918
1 0.381546 0.618454
1 0.288445 0.711555
1 0.14668 0.85332
1 0.204807 0.795193
1 0.466745 0.533255
1 0.224866 0.775134
1 0.22715 0.77285
1 0.470778 0.529222
1 0.25251 0.74749
1 0.362304 0.637696
1 0.250821 0.749179
1 0.414451 0.585549
1 0.363811 0.636189
1 0.126191 0.873809
1 0.124983 0.875017
1 0.265618 0.734382
1 0.313752 0.686248
1 0.366791 0.633209
1 0.141719 0.858281
0 0.560936 0.439064
1 0.127334 0.872666
1 0.191302 0.808698
1 0.120576 0.879424
1 0.438496 0.561504
1 0.15226 0.84774
1 0.252794 0.747206
1 0.268074 0.731926
1 0.242289 0.757711
1 0.222281 0.777719
1 0.257481 0.742519
1 0.215658 0.784342
1 0.409706 0.590294
1 0.318969 0.681031
1 0.297445 0.702555
1 0.298097 0.701903
1 0.356686 0.643314
1 0.272024 0.727976
1 0.126293 0.873707
1 0.451598 0.548402
1 0.0994446 0.900555
1 0.310881 0.689119
1 0.316481 0.683519
1 0.237598 0.762402
1 0.116372 0.883628
1 0.380319 0.619681
1 0.382194 0.617806
0 0.543239 0.456761
1 0.344579 0.655421
1 0.12763 0.87237
1 0.351742 0.648258
1 0.049655 0.950345
1 0.378776 0.621224
1 0.153959 0.846041
1 0.340049 0.659951
1 0.177038 0.822962
1 0.012951 0.987049
1 0.300204 0.699796
0 0.667908 0.332092
1 0.222417 0.777583
1 0.135549 0.864451
1 0.230108 0.769892
1 0.0296466 0.970353
1 0.237989 0.762011
1 0.441721 0.558279
1 0.352042 0.647958
1 0.310385 0.689615
1 0.257852 0.742148
0 0.547987 0.452013
1 0.202373 0.797627
1 0.366183 0.633817
1 0.197329 0.802671
1 0.126543 0.873457
1 0.305311 0.694689
1 0.327156 0.672844
1 0.259137 0.740863
1 0.248145 0.751855
1 0.393569 0.606431
0 0.556753 0.443247
1 0.469128 0.530872
1 0.13552 0.86448
1 0.339465 0.660535
1 0.304811 0.695189
1 0.197907 0.802093
1 0.190167 0.809833
1 0.318644 0.681356
0 0.60019 0.39981
1 0.311616 0.688384
1 0.362148 0.637852
0 0.61456 0.38544
1 0.185212 0.814788
1 0.267695 0.732305
1 0.0894746 0.910525
1 0.254241 0.745759
1 0.284788 0.715212
1 0.0477502 0.95225
1 0.446832 0.553168
1 0.429409 0.570591
1 0.226065 0.773935
0 0.786093 0.213907
1 0.314364 0.685636
1 0.261691 0.738309
1 0.226416 0.773584
0 0.56711 0.43289
1 0.334466 0.665534
0 0.649517 0.350483
1 0.226316 0.773684
1 0.464587 0.535413
1 0.241753 0.758247
1 0.26333 0.73667
1 0.205069 0.794931
0 0.516698 0.483302
1 0.222454 0.777546
1 0.268704 0.731296
1 0.259988 0.740012
1 0.259506 0.740494
1 0.371267 0.628733
1 0.0403339 0.959666
1 0.213605 0.786395
1 0.270605 0.729395
0 0.518495 0.481505
1 0.0786588 0.921341
1 0.250306 0.749694
1 0.385031 0.614969
1 0.276777 0.723223
1 0.359911 0.640089
1 0.307201 0.692799
0 0.610271 0.389729
1 0.110557 0.889443
1 0.158225 0.841775
1 0.432744 0.567256
1 0.145774 0.854226
1 0.317747 0.682253
1 0.0351719 0.964828
1 0.467182 0.532818
1 0.267962 0.732038
1 0.249528 0.750472
0 0.676448 0.323552
0 0.690044 0.309956
1 0.235442 0.764558
1 0.0913556 0.908644
1 0.210637 0.789363
1 0.120836 0.879164
1 0.334811 0.665189
0 0.530134 0.469866
1 0.32376 0.67624
1 0.253932 0.746068
1 0.101155 0.898845
0 0.556192 0.443808
0 0.603402 0.396598
1 0.0642914 0.935709
1 0.061526 0.938474
1 0.336677 0.663323
1 0.350486 0.649514
1 0.320517 0.679483
1 0.224673 0.775327
1 0.343118 0.656882
1 0.265777 0.734223
1 0.213383 0.786617
1 0.40135 0.59865
0 0.635953 0.364047
1 0.188667 0.811333
1 0.302114 0.697886
1 0.191234 0.808766
1 0.409795 0.590205
1 0.156184 0.843816
1 0.261484 0.738516
1 0.156976 0.843024
0 0.5 0.5
1 0.147196 0.852804
1 0.291723 0.708277
1 0.250193 0.749807
1 0.29387 0.70613
1 0.224879 0.775121
1 0.434536 0.565464
1 0.462637 0.537363
1 0.123812 0.876188
1 0.122483 0.877517
1 0.256189 0.743811
0 0.5 0.5
1 0.164003 0.835997
1 0.262042 0.737958
1 0.393691 0.606309
1 0.193064 0.806936
1 0.26534 0.73466
1 0.286672 0.713328
1 0.199598 0.800402
1 0.179309 0.820691
1 0.276451 0.723549
1 0.482014 0.517986
1 0.290903 0.709097
1 0.199409 0.800591
1 0.378299 0.621701
1 0.40714 0.59286
1 0.166073 0.833927
1 0.209038 0.790962
1 0.297072 0.702928
1 0.0343697 0.96563
1 0.0991989 0.900801
1 0.301079 0.698921
1 0.337372 0.662628
1 0.162694 0.837306
1 0.394355 0.605645
1 0.377388 0.622612
1 0.298949 0.701051
1 0.24574 0.75426
1 0.187494 0.812506
1 0.265598 0.734402
1 0.252218 0.747782
1 0.266222 0.733778
1 0.29859 0.70141
0 0.5 0.5
